0.99865,2.9553e-06,-5.8011e-06,-0.00095725,-1.1564e-05,2.8651e-06,-0.0030604,-0.00021699,0.0023311,0.00086153,-5.1059e-05,-9.1087e-06,-0.0031896,-0.00047634,-0.00013654,0.005046,-0.002962,-0.00023124,-4.8815e-05,-0.0045117,2.5033e-05,-0.0016657,0.0032506,-0.0022459,0.0011659,0.00052314,-0.0026114,0.0013389,-7.42e-06,0.00077105,0.0003888,-0.00015058,-8.512e-06,-7.9805e-05,0.00015362,0.00022047,0.0023677,-6.2982e-05,0.0009291,0.00062068,-5.7575e-05,0.00028249,-1.9945e-05,0.0002065,0.0010545,0.00064126,0.00084512,9.9585e-05,-0.0001957,0.00040665,-0.00013386,-8.0879e-05,-8.2077e-07,5.3274e-05
-8.4825e-06,0.99088,-1.4578e-05,-0.0007145,-1.1244e-06,-4.0033e-06,-0.0046639,0.001071,-0.011074,0.005703,-7.0225e-06,4.7165e-05,-0.0061816,0.018454,-0.00057161,0.020507,-0.012522,-0.0020433,0.00021746,0.026172,-0.0054896,-0.0057731,0.011496,0.00033187,0.00036999,-0.0033925,0.014974,0.00057396,-7.1703e-05,0.0060376,-0.0012518,0.00082194,0.00018973,0.0001341,0.00016455,0.00010531,0.0020463,-0.0039053,0.001065,-0.0024983,-0.00071868,-0.0029546,6.1461e-05,-0.00050945,-0.0026987,-0.0032743,0.0009163,-0.001503,0.0010293,-0.0004202,-0.00010218,-4.8284e-05,-3.6287e-05,9.0892e-05
-5.1319e-06,-1.3026e-05,0.96519,-2.2276e-05,1.2936e-06,1.7886e-07,-4.1262e-05,1.9137e-06,-2.3856e-05,-5.5196e-05,7.0387e-07,-9.2946e-08,-6.9428e-05,0.00015643,-0.12056,-0.0027034,0.00034201,4.0185e-05,-6.6291e-08,-7.5672e-05,5.8595e-05,-1.0297e-05,2.5949e-05,3.8348e-05,-2.0474e-05,1.2766e-05,-4.3927e-05,-5.6213e-06,-0.034703,-0.0003731,1.3276e-07,-9.74e-06,2.0145e-06,-9.7539e-08,6.0367e-06,-1.9871e-06,-1.3118e-05,1.5908e-06,1.2673e-05,-6.7421e-07,-3.4854e-06,1.9219e-05,5.8112e-08,-1.1272e-06,-4.8557e-06,1.1376e-05,-1.1792e-05,1.4513e-06,-5.8012e-06,9.664e-06,-0.0011439,0.0017987,5.2716e-06,-1.0439e-05
-0.00092154,-0.00072905,-2.175e-05,0.96517,3.8479e-05,9.5123e-07,0.0007015,0.00038721,-0.0021542,-0.017366,0.00027923,-2.7499e-05,-0.0074432,0.0099928,-0.0016929,0.082253,0.074101,0.0087787,0.00016197,-0.0074957,0.024842,-0.0061316,0.010427,0.011903,-0.0056297,0.0041775,-0.014524,-0.019723,-0.00015241,0.019577,0.0016455,-0.0019792,-0.00045388,0.0010636,-6.3059e-05,-6.5583e-05,0.0004738,-0.0040406,-0.0026577,0.00027162,0.0050841,0.0048773,1.3933e-05,-0.00017846,-0.00067875,0.0036716,-0.0008704,0.0036313,-0.00024839,-0.00099097,0.0012172,0.00079928,2.5125e-05,-2.5608e-05
-8.2072e-06,1.4627e-06,1.4683e-06,2.256e-05,0.93624,2.3861e-06,-1.1207e-05,-1.0558e-05,0.00010439,6.9158e-05,1.4753e-07,-2.9732e-08,3.692e-05,-2.9744e-05,-3.1022e-06,-1.6153e-05,-0.021298,0.17713,8.8563e-05,0.0037897,0.0001804,1.2833e-05,-3.2521e-05,4.1934e-05,-1.436e-05,1.4187e-06,-1.1862e-05,7.3585e-05,-8.2802e-06,0.00010129,-6.837e-05,-7.2711e-05,-3.536e-06,-6.6179e-05,0.01772,-0.00017481,-0.0014526,0.00022526,0.00071464,0.00014027,-0.00052653,6.6721e-05,1.6037e-06,-1.962e-05,-9.5301e-05,9.4887e-06,-4.0298e-05,-0.00022949,-0.00017239,0.00024289,9.4919e-05,8.7063e-05,-1.7243e-05,0.0043238
2.6388e-06,-1.971e-06,1.9139e-07,-1.5419e-06,2.3509e-06,0.93642,-3.5672e-07,-6.307e-07,9.6693e-06,-1.9668e-05,4.5108e-07,-1.0859e-07,-2.7043e-06,-3.059e-05,2.0434e-07,1.3538e-05,0.00050383,0.00011244,-0.17766,0.0018237,-3.7434e-05,-3.5833e-06,8.7336e-06,3.3034e-06,-1.9786e-06,1.3249e-05,-2.5659e-05,-1.3939e-05,-8.2464e-07,-3.5851e-06,-1.5143e-05,3.9561e-06,1.2617e-06,-2.485e-06,-2.4249e-05,-0.017237,0.0015793,0.00045948,0.00017087,-0.00020183,-8.3373e-05,2.8281e-05,-3.0411e-07,1.3028e-06,1.2059e-05,9.8301e-07,-1.5393e-05,-4.5358e-05,6.5003e-05,2.6503e-05,2.3821e-05,2.588e-05,-0.0033853,-1.5822e-05
-0.0028563,-0.0043096,-3.6445e-05,0.00065942,-7.3016e-06,-4.9314e-08,0.94377,-0.0016146,0.010729,0.011446,-0.00014938,-2.5719e-05,-0.0060991,0.010406,-0.0029111,0.10505,-0.11476,-0.012331,-0.00086129,-0.050817,-0.0031918,0.011852,-0.025791,-0.0020989,-0.0004468,0.0002045,-0.0027264,0.016212,-0.00035946,0.028549,-0.001947,-0.0089828,-0.0003148,-0.010403,-0.00020899,-0.00052704,-0.0065986,0.0037385,0.0037762,0.0052521,-0.0068726,-0.00027307,-1.47e-05,-1.2267e-05,-5.7588e-05,0.00023723,-0.0021309,-0.0022986,-0.0029453,0.00089526,0.0040381,0.0026019,7.1084e-05,-0.0007201
-0.00020394,0.00098115,1.7209e-06,0.00035536,-9.0245e-06,-9.5656e-07,-0.0015774,0.96562,0.0032656,-0.0013838,3.3605e-05,2.0946e-05,0.002093,-0.0025176,6.6847e-05,-0.001685,-0.0040094,-7.4907e-05,-0.00018285,-0.016899,0.0079261,0.10675,0.052817,-0.00014681,-8.5752e-05,-0.00022255,0.0011625,-0.00035216,-2.025e-05,-0.00031676,-0.0003336,-0.007101,0.034977,0.0057691,-2.2348e-05,-7.3111e-05,-0.00054433,-0.00090947,0.000281,0.0016185,-0.00033938,-0.00010632,1.4101e-05,-0.00011242,-0.00058396,-4.106e-06,0.00028761,-2.0439e-05,-0.00053457,-0.0002685,-0.00013605,-9.399e-05,-1.5978e-05,-5.0315e-05
0.0021396,-0.01023,-2.0461e-05,-0.0019562,9.1525e-05,1.3797e-05,0.010502,0.0032625,0.92533,0.0086419,-0.00027831,-0.00025071,-0.0071945,0.014415,-0.00090255,0.03139,0.014342,-0.0028142,0.00197,0.19062,-0.017053,0.030816,-0.035583,-0.013394,0.0076215,0.0023666,-0.013229,0.0018506,-0.00013706,0.009514,0.0034888,-0.00021321,0.0056695,-0.014808,0.00019503,0.00067061,0.0041891,0.011671,-0.003507,-0.017476,0.0024327,0.0017664,-0.00015909,0.0011745,0.0061506,0.00035118,-0.0010629,9.1982e-05,0.0056184,0.002646,0.0023991,0.0016003,0.00021765,0.00030545
0.0007891,0.0050849,-5.2808e-05,-0.015744,1.1524e-05,-2.9797e-05,0.010768,-0.0013371,0.0084379,0.92446,-0.00078135,0.00065509,-0.0046685,-0.0037376,-0.00037311,0.020983,0.11676,0.014362,-0.00018544,-0.046377,0.11293,0.025786,-0.059037,-0.043924,0.026545,-0.014001,0.057843,0.036005,0.00017075,-0.0089143,0.0047578,-0.0078911,0.0011826,-0.016145,-0.00031593,-9.5441e-05,0.0009261,-0.0028882,-0.01254,0.010353,0.01884,-0.011123,-0.00022535,0.00013812,-0.00032661,-0.0054339,0.0020854,-0.0018804,0.00043104,-0.001546,0.001546,0.0012,-0.00034333,0.0018175
-4.196e-05,-7.1212e-06,6.189e-07,0.00023708,6.1465e-08,5.3374e-07,-0.00013588,3.1488e-05,-0.00026156,-0.00076395,0.93629,-1.0383e-07,-0.0020747,-0.0011369,6.1646e-06,-0.00040025,-0.0015781,-0.00018273,5.3882e-06,0.00088257,0.003865,-0.00084741,0.00017374,-0.10114,-0.14744,-0.00026133,0.0053231,-0.014503,-2.5624e-05,0.00081306,-2.386e-05,0.00011579,-4.9771e-06,0.00016542,-1.5206e-05,-8.5079e-06,-7.7633e-05,-4.7951e-05,5.3276e-06,-0.0002644,0.00037842,-0.00021249,-0.021549,-5.3375e-06,5.3104e-05,5.6096e-05,-1.3356e-05,-0.00072111,-0.00060016,-0.00014606,1.0956e-05,6.3859e-06,4.026e-06,2.108e-05
-6.9376e-06,3.5788e-05,-5.6452e-08,-2.014e-05,1.9897e-07,-2.2987e-08,-2.5891e-05,1.9751e-05,-0.00023708,0.0006413,-1.459e-07,0.93714,-0.00014745,-0.0012789,-1.2208e-05,0.00046155,0.00016166,1.6413e-05,1.5344e-05,0.00038285,-0.0035527,0.00042023,-0.00049011,-0.0022252,0.0021111,0.17382,0.036233,0.0033107,8.5574e-06,-0.0002516,-7.5121e-05,0.00010029,2.3718e-05,-3.1553e-05,3.6158e-06,1.2075e-06,2.7377e-05,8.4475e-05,6.2722e-05,-0.00027432,-0.0001975,9.1429e-05,1.2658e-05,-0.020772,0.0042774,-0.00015713,4.6669e-05,0.00037103,-0.00040343,-0.00015178,8.3166e-06,3.5587e-06,1.097e-05,-1.3051e-05
-0.0028522,-0.0052663,-5.8684e-05,-0.0064944,9.6102e-06,-7.4492e-07,-0.0059115,0.0019077,-0.0066265,-0.0044421,-0.0020086,-0.00013684,0.91911,0.0055333,-0.0018574,0.064941,0.0021853,-0.00041583,0.00026029,0.026291,0.015697,-0.054393,0.095366,-0.12059,0.066092,0.0042398,-0.033326,0.076237,-0.00031154,0.031264,-0.0019026,0.0094825,-0.0027566,0.028136,-3.3578e-06,0.00011098,0.00054204,0.0022814,-0.00051041,-0.0072036,0.010137,-0.0022699,-0.00070087,0.0015001,0.0079817,0.00089023,-0.0086185,-0.0077397,-0.0087599,-0.00038321,0.0069998,0.0046288,0.00012673,0.00038982
-0.00050015,0.015805,0.00012488,0.008445,-3.7757e-05,-3.2362e-05,0.0091153,-0.0022561,0.013146,-0.0032342,-0.001053,-0.0011966,0.0052091,0.89147,0.0030518,-0.097061,0.02602,0.0049106,-0.00079903,-0.080184,-0.014163,0.044632,-0.080759,-0.062007,0.029269,0.038281,-0.17078,0.0098252,0.00082379,-0.053064,-0.00064684,-0.019832,-0.0015039,-0.011766,-0.00080098,-0.001463,-0.011814,-0.015856,-0.0034187,-0.0051503,-5.9627e-05,0.00092074,-0.00049886,-0.00034226,0.0012564,-0.0028209,0.012144,0.0054047,-0.021681,-0.011241,-0.014497,-0.0095548,-0.00030453,0.00070045
-8.7981e-05,-0.00039649,-0.097131,-0.0013728,1.7599e-05,2.3716e-06,-0.0023915,5.5576e-05,-0.00080265,-0.00041401,5.626e-06,-1.0383e-05,-0.0016539,0.0028631,0.34491,-0.00055584,-0.00032008,-2.2511e-05,-5.8812e-06,-0.0002727,0.0016278,-5.0614e-05,-0.0002988,0.00020048,-5.762e-05,0.00033375,-0.0012146,-0.00011587,-0.30045,0.002404,0.00014855,-0.0010594,1.0606e-05,-0.001252,0.00011827,-2.2972e-05,-1.6289e-05,-0.00031038,0.00045836,0.000114,-4.2093e-05,-0.00011842,6.3179e-06,-1.0857e-05,-2.1817e-05,-0.00025496,-0.00040944,0.00019283,-0.00021399,0.00016789,-0.073694,0.11896,0.00039529,-0.00099755
0.0033981,0.014828,-0.0021993,0.065633,-6.0536e-05,1.7807e-05,0.088099,-0.0015319,0.027951,0.019924,-0.00035625,0.00039727,0.057804,-0.090679,-0.00055761,0.36326,0.01428,0.0017419,0.00011771,0.0054276,-0.080959,0.0016627,0.0076988,-0.0091433,0.0013124,-0.013386,0.047588,0.02838,-0.0048196,-0.25602,-0.0094144,0.041714,-0.00029156,0.048533,-0.0009766,-0.00024325,-0.009532,0.019868,0.00029403,-0.0087424,-0.012224,0.0090604,-0.00030297,-0.00010308,-0.0017353,0.012026,0.016415,-0.016568,0.0049329,-0.0079609,-0.12095,-0.074467,-0.0009339,0.0031272
-0.0017766,-0.0086542,0.00032028,0.055437,-0.016158,0.00051749,-0.090525,-0.0032117,0.011176,0.099271,-0.0013164,0.00012615,0.0046713,0.023325,-0.00027799,0.014343,0.33498,0.010508,-0.00025209,-0.037335,-0.17803,0.026474,-0.033171,-0.0082339,-0.011192,-0.016873,0.051241,0.12726,5.0407e-05,0.027068,-0.035525,-0.024783,0.0023199,-0.036075,0.020426,-0.0020311,-0.036831,0.019944,0.094398,-0.0022412,-0.11322,0.026928,-0.0006347,-0.0016826,-0.0089477,0.026445,0.0084837,-0.071077,-0.017954,0.020151,0.011222,0.0043786,0.0036269,-0.010237
-0.00016469,-0.0014509,2.2911e-05,0.0070223,0.142,8.2486e-05,-0.010464,-8.659e-05,-0.0021292,0.012807,-0.00015396,8.9924e-06,-6.5696e-05,0.0044158,-3.1647e-05,0.0017472,0.010373,0.25818,-2.1819e-05,-0.0055104,-0.023695,0.0036427,-0.0047031,-0.0019879,-0.00063002,-0.0022805,0.0070959,0.014814,8.5057e-05,0.002795,-0.0033651,-0.0018047,0.00056063,-0.0045443,-0.17064,0.0016289,0.010623,0.0010962,0.0037468,-0.0050202,-0.0080258,0.0029302,-0.00010587,7.1944e-05,0.00028653,0.0038731,0.0012035,-0.0065046,0.0010387,-0.00026974,-0.00037598,-0.0012089,0.00096408,-0.15978
-3.2869e-05,0.00018789,1.8306e-06,4.0164e-05,0.0001013,-0.14271,-0.00064039,-0.00016209,0.0017633,-0.00029969,5.4169e-06,1.393e-05,0.00026785,-0.00073008,-3.9016e-06,0.00012565,-0.00022083,-2.0658e-05,0.25228,0.00045866,0.00032117,-0.00011223,0.00019841,0.00027705,-0.00022124,4.7436e-05,-0.00020898,0.00033399,-9.7497e-06,-0.00011311,-0.000328,-0.00039309,-0.00011263,0.0002227,-0.00033333,-0.17144,0.015332,0.0043881,0.0021898,-0.00055486,-0.0013568,0.00015886,4.89e-06,-3.0452e-05,-0.00013029,-0.00025057,-4.8348e-05,-0.00061309,-6.2076e-05,-0.0005376,0.00088271,0.00099423,-0.16065,-0.0012638
-0.0027035,0.017382,-6.02e-05,-0.0056328,0.0032442,0.0012917,-0.038782,-0.013596,0.15383,-0.038965,0.00076587,0.0003345,0.024593,-0.069005,-0.00025073,0.0049403,-0.036854,-0.005483,0.00047067,0.29205,0.099837,-0.018797,0.02811,0.030105,-0.018318,0.0098644,-0.034215,-0.0062236,3.4317e-05,-0.017552,-0.013548,-0.030346,-0.012296,0.035721,-0.0058095,-0.0023246,-0.0313,-0.043956,0.011958,0.16464,-0.011368,-0.015186,0.00089408,-0.0038654,-0.020771,-0.030873,0.010719,0.010993,-0.073114,-0.014143,-0.012035,-0.0079568,-0.0030737,-0.010001
-1.6253e-05,-0.003184,5.7373e-05,0.015801,0.00054326,7.4565e-05,-0.0010831,0.0061331,-0.012192,0.092656,0.0031294,-0.0029095,0.01393,-0.014374,0.001513,-0.074072,-0.16684,-0.022644,0.00037531,0.09589,0.73295,-0.059749,0.081186,0.088177,-0.042907,0.046259,-0.162,-0.10382,-0.0003322,0.002374,-0.013758,0.036598,-0.012716,0.038656,0.001614,0.0014588,0.0084955,0.022542,0.025497,-0.047059,-0.091805,-0.030478,0.0033236,-0.0023953,-0.00063415,-0.066425,-0.0065625,-0.0010098,0.0053711,0.012054,-0.023198,-0.01639,0.002798,-0.012421
-0.0010098,-0.0036533,3.5063e-07,-0.0039504,-1.5806e-05,-9.0556e-06,0.0093717,0.083299,0.023976,0.020451,-0.00067504,0.00033893,-0.044791,0.03797,-4.4119e-05,0.0014265,0.024498,0.0033785,-0.00010517,-0.017484,-0.05783,0.37685,-0.016338,-0.01572,0.0089354,-0.0061105,0.021329,0.0083437,-0.00011286,0.030112,-0.0031997,0.092756,-0.27078,0.054858,0.0014919,0.0018256,0.024182,-0.023858,0.019617,-0.0002641,0.0048635,0.0045923,-0.00050301,0.00090819,0.0030497,0.012982,-0.013334,-0.0019533,-0.0003274,0.0011637,0.0019336,0.0012874,-0.00019458,0.00088109
0.0020151,0.0073363,1.2173e-05,0.0069147,-1.5274e-05,1.139e-05,-0.02044,0.041095,-0.027575,-0.046648,0.00013953,-0.00039125,0.077668,-0.067765,-0.00026165,0.0067103,-0.030449,-0.0042747,0.00017551,0.025639,0.076833,-0.016049,0.37651,0.028262,-0.019584,0.0080387,-0.029555,0.0091079,0.00073256,-0.068243,0.0075992,-0.068626,-0.12989,-0.22792,-0.0036241,-0.0042862,-0.055576,0.050106,-0.042859,0.003213,0.0021768,-0.0058171,-0.00028379,-0.0015713,-0.0059418,-0.020748,0.026269,-3.3253e-06,-0.0013939,-0.0023901,0.00084051,0.00056944,0.00018345,-0.00046566
-0.0013371,1.5121e-05,2.4162e-05,0.0084975,-0.00010209,6.9321e-06,-0.001262,-0.00013345,-0.01014,-0.034182,-0.078657,-0.0017364,-0.096752,-0.051634,0.00015073,-0.007688,-0.0085532,-0.0017299,0.00024278,0.027579,0.081817,-0.015312,0.028168,0.42057,-0.11734,0.01703,-0.078702,0.21536,0.00044794,-0.012196,-0.016957,-0.00042485,0.0031804,0.012725,-0.00075517,0.0001343,-0.0011415,0.0025368,0.022,-0.031583,0.071287,-0.015338,-0.10485,0.0020299,0.022638,-0.050311,0.009058,-0.077193,-0.060605,-0.010898,0.0018763,0.0013581,0.00019987,0.004426
0.00072082,0.00039313,-1.233e-05,-0.0044847,0.00010368,-9.432e-07,-0.00013225,-4.0661e-05,0.0056254,0.020635,-0.11406,0.0016382,0.053037,0.024361,-2.7031e-05,0.00094766,-0.0084472,-0.00059121,-0.00018193,-0.016521,-0.039093,0.0086279,-0.019299,-0.11582,0.36606,-0.012374,0.06162,-0.20358,-0.00040027,0.010472,0.011424,-0.00085031,-0.0017914,-0.0067973,0.00043772,-0.00018042,1.0861e-05,-0.00096472,-0.019589,0.018864,-0.050955,0.0054037,-0.16604,0.00034346,-0.0098086,0.038514,-0.00712,0.044149,0.029583,0.0058626,-0.0020268,-0.001481,-6.5283e-06,-0.0034944
0.00030434,-0.0020684,8.3277e-06,0.0026804,-9.6805e-07,5.5061e-06,0.00015496,-0.00019937,0.0021184,-0.010792,-0.0002022,0.13449,0.0033863,0.030818,0.0002829,-0.011413,-0.014779,-0.0020097,3.9683e-05,0.008694,0.042753,-0.0058145,0.0078226,0.016902,-0.012433,0.26919,-0.025866,0.010584,5.5316e-05,-0.0024321,-0.0013604,0.0061704,0.0018093,-0.0024993,3.9835e-05,0.00024822,0.0015161,0.0025894,0.0020157,0.0095875,0.0067738,-0.01041,-0.00027143,0.19138,-0.051001,0.0053409,-0.003052,-0.023285,0.025477,0.0079769,-0.00046982,-0.00028072,-0.00026115,8.3735e-05
-0.0015336,0.009233,-2.8214e-05,-0.0095609,1.7088e-05,7.6402e-06,-0.0017146,0.0010146,-0.011399,0.044382,0.0040949,0.02788,-0.026109,-0.13647,-0.0010155,0.040239,0.044821,0.006192,-0.00016168,-0.029934,-0.14804,0.02003,-0.028351,-0.077024,0.060993,-0.025532,0.34516,-0.080115,-0.00036052,0.013491,0.006014,-0.034408,-0.0096693,0.014079,-0.00028491,-0.001243,-0.010025,-0.012598,-0.012091,-0.048984,-0.029253,0.04352,0.0061236,0.057656,0.05639,-0.026709,0.013611,0.086953,-0.1219,-0.031726,0.00028656,-9.7124e-06,0.001218,-0.00073569
0.00064248,-0.00013999,-1.3013e-05,-0.010818,-7.4406e-05,-1.7625e-05,0.0089507,-0.00033288,0.0019935,0.027386,-0.011137,0.0025326,0.057126,0.0079472,-0.00017631,0.024516,0.10504,0.012818,0.00021957,-0.0057663,-0.095072,0.0074992,0.0090813,0.20472,-0.19627,0.010032,-0.078066,0.70867,-0.0004546,0.023119,0.0071468,0.012018,0.003043,0.0016625,0.00027661,0.0013656,0.014251,-0.0079829,0.039476,-0.0018311,0.0069295,0.029474,-0.021059,-0.0057208,-0.054414,-0.072252,0.012432,0.10462,0.047705,-0.0009774,-0.0020678,-0.0011917,-0.00027629,0.0028894
5.6541e-06,-8.5796e-06,-0.016787,-9.6399e-05,1.644e-05,2.1081e-06,-0.00014932,-1.6515e-05,-8.9533e-05,5.0484e-05,-1.9438e-05,6.8689e-06,-0.00019625,0.00059015,-0.24083,-0.0038992,0.00022349,3.6177e-05,-7.879e-07,3.2026e-05,-0.00022735,-7.5235e-05,0.00060571,0.00042382,-0.00038646,5.1794e-05,-0.00034684,-0.00041074,0.83851,-0.00065551,-2.2673e-05,3.4669e-05,0.00013804,0.00011138,6.9073e-05,-4.0609e-05,-0.00041904,0.00036673,0.00031975,1.3493e-05,-0.00016649,0.00011726,-3.8664e-05,8.848e-07,-6.9606e-05,-0.00035781,-0.00048349,0.00020311,3.4309e-05,1.6659e-05,-0.083478,0.1299,0.00042333,-0.0010592
-0.00020403,0.001499,-0.00019318,0.0090615,-7.9187e-05,-1.8377e-05,0.01575,-9.4297e-05,0.0061805,-0.0048299,0.00060644,-0.00019295,0.020337,-0.037873,0.0018784,-0.20392,0.021754,0.0025258,-0.00012928,-0.014606,0.0012921,0.024135,-0.056315,-0.011708,0.010273,-0.0023314,0.013226,0.021263,-0.00063488,0.86,0.00034762,-0.0035101,-0.002644,-0.010608,0.00050538,0.0013536,0.017847,-0.017506,0.0040642,-0.004431,0.00051469,-0.0023136,0.0012761,-0.0013828,-0.0044698,0.019628,0.046206,-0.013641,-0.0048708,-0.012794,-0.11354,-0.070948,-0.0016002,0.0058584
0.00039106,-0.0010389,-2.0849e-06,-0.00016893,4.3097e-06,-5.6612e-06,-9.5277e-05,-0.0001768,0.001749,0.0021766,4.7834e-05,-7.5275e-05,-0.00081911,-0.00031935,0.00013108,-0.0062773,-0.020772,-0.0022605,-0.00020417,-0.0090826,-0.010961,-0.0025427,0.0062599,-0.012781,0.0091089,-0.00097585,0.0046285,0.0016564,6.5179e-06,0.0007436,0.91533,0.0095121,0.0019072,0.0010657,0.002704,0.0012614,0.025275,-0.027311,-0.077225,-0.0044548,-0.026472,0.12585,-6.1294e-05,-0.016286,-0.080058,-0.068491,-0.019288,-0.072201,-0.011387,0.00050334,0.00039309,0.00033008,-6.2607e-05,-0.00057545
-9.1968e-05,-0.00038703,-4.4342e-06,-0.0012465,3.9866e-05,-7.4796e-06,-0.0029631,-0.0026829,-0.0010165,-0.0032964,0.00010973,0.0001011,0.0051683,-0.010905,-0.00075996,0.030749,-0.017228,-0.0016789,-0.00022057,-0.016047,0.028844,0.06997,-0.053156,0.0016185,-0.0018348,0.0046406,-0.025605,0.0092777,4.0254e-05,-0.0026642,0.0091589,0.87095,0.0069285,-0.010803,0.0036712,0.0054102,0.052265,0.02129,0.0064636,-0.036639,0.0041864,-0.057644,0.0026627,-0.027192,-0.14018,0.090361,0.039217,0.025081,-0.096967,0.0071169,0.028073,0.018163,-0.00014819,-0.0024884
5.9484e-05,3.9639e-05,1.5187e-06,-0.00014854,2.5197e-06,-3.6119e-06,-4.5239e-05,0.013823,0.0020003,0.00061162,1.1289e-05,2.4977e-05,-0.0012734,-0.00092646,1.2476e-05,-0.00054716,0.001597,0.00034131,-7.2556e-05,-0.0072796,-0.0089276,-0.20358,-0.099872,0.0030304,-0.0017557,0.0013607,-0.007199,0.0023927,0.0001199,-0.0023473,0.0019452,0.0068919,0.83088,-0.010799,0.00042029,0.00087387,0.0063609,0.011809,-0.001928,-0.0087492,0.0014897,-0.015878,0.00068902,-0.0070212,-0.036253,0.022846,-0.0022745,0.0085381,-0.025822,0.001152,-0.00040484,-0.0003439,-0.00017935,-0.00011873
-0.00049111,-0.00053695,-4.5372e-06,-0.00028538,1.5942e-05,1.4091e-05,-0.004049,0.0023227,-0.0056586,-0.0078882,6.0124e-05,-3.6978e-05,0.014336,-0.0059218,-0.00097244,0.038621,-0.025135,-0.0033656,0.00018259,0.022786,0.028534,0.040915,-0.17358,0.0086673,-0.0043927,-0.0018309,0.010229,0.00047353,0.00011068,-0.0085211,0.00077825,-0.010879,-0.010607,0.8458,0.0016973,0.00098746,0.023844,-0.053291,0.021051,0.012113,-0.0039659,0.033668,-0.0012498,0.012471,0.064596,-0.038666,0.078662,-0.028127,0.048724,0.0055023,0.039544,0.025736,0.00095756,-0.0015662
8.2603e-05,-2.0134e-06,-8.2411e-06,0.00015511,2.9959e-07,-1.6499e-05,-0.00049648,-2.2496e-05,0.00013916,0.00052351,-2.7416e-06,-2.4414e-06,3.0729e-06,-0.00019572,1.0064e-05,-0.00049409,0.0097399,-0.10043,-0.0002789,-0.0037283,0.00016512,0.0010893,-0.0025665,-0.00010485,4.6806e-05,4.3914e-05,-0.0002358,-3.0153e-05,3.2898e-05,0.0005718,0.0023002,0.0031669,0.0003494,0.0015983,0.91788,-0.0018843,-0.021802,-7.8989e-05,0.0010285,-0.0029478,0.008356,-0.0008275,-7.5734e-05,0.00026546,0.0014069,-0.00014687,-0.011726,0.0060822,0.0068006,-0.01442,-0.003855,-0.0033733,0.00017375,-0.16842
0.00014321,-2.5969e-05,2.619e-06,-0.00018778,4.7025e-05,-0.00017008,2.239e-06,-1.9602e-05,0.00019091,-6.8581e-05,-5.9741e-06,2.0868e-06,-3.0227e-05,-0.00061231,4.7337e-06,-0.00026188,-0.0005535,0.00088707,-0.10243,-0.0012771,0.0011035,0.001209,-0.0029082,0.00029993,-0.00026438,0.00012805,-0.00064937,0.0010942,-3.057e-05,0.00097891,0.00075476,0.0045178,0.00072215,0.00086229,-0.0018068,0.91648,-0.031708,-0.0091139,-0.00095557,-0.0064433,0.0018055,-0.00046373,-5.0814e-05,0.00018122,0.0013028,0.00071343,-0.015749,0.0020418,0.0099369,-0.023407,9.8276e-05,0.00035922,-0.17219,-0.00093564
0.0015105,0.00034169,2.4681e-05,-0.0017759,0.00044897,2.3105e-05,-0.00053218,-6.8877e-05,0.00027846,0.0010475,-5.4503e-05,3.1581e-06,-0.0010828,-0.0042725,0.00014,-0.0069858,-0.016438,0.0056893,0.009205,-0.015025,0.0050968,0.016223,-0.037916,0.0014681,-0.001637,0.00099935,-0.0064633,0.011351,-0.00035114,0.01335,0.016755,0.043499,0.0051476,0.02076,-0.020675,-0.031697,0.575,-0.013264,0.0085812,-0.044814,0.049074,-0.0060296,-0.00026227,0.0012053,0.007939,0.0037427,-0.19618,0.049837,0.085418,-0.19817,-0.023157,-0.017646,0.01759,-0.0074081
0.00016368,-0.003169,-2.6304e-05,6.1105e-07,-0.00030805,-9.3918e-05,0.0022941,-0.000145,0.0023399,-0.00088157,-5.6283e-05,1.5209e-05,0.0032006,-0.0090919,-0.00028416,0.011943,0.0084171,0.00069025,0.0024095,-0.019968,0.014801,-0.015873,0.033909,0.00061697,0.00060201,0.0014243,-0.0064297,-0.0088229,0.00032854,-0.013812,-0.017361,0.017238,0.009995,-0.046152,-0.00097562,-0.0087397,-0.012371,0.55486,0.0011844,-0.082581,-0.053003,0.0024623,-0.00083152,-3.5463e-05,0.0039221,0.02454,0.14438,-0.076292,0.089119,-0.2106,0.043677,0.029963,0.0025373,0.012209
0.00032903,-0.00014452,-4.8968e-05,0.0021227,-0.00071648,-8.0067e-05,-0.0035851,-3.8318e-05,-0.00053173,-0.0018075,-1.7522e-05,1.7747e-05,-0.0041614,0.0012865,5.3601e-05,-0.00032377,0.047578,0.0036115,0.0010157,0.0059163,0.011676,0.013312,-0.02929,0.015658,-0.014517,0.0011492,-0.0077965,0.0335,0.00024128,0.0046935,-0.060524,0.0076846,-0.0018767,0.022181,-0.00010872,-0.00095486,0.0061018,0.0042329,0.58806,0.013247,-0.1609,0.00096341,-5.3473e-05,-0.00042066,-0.00072995,0.014908,-0.16474,-0.091078,-0.043599,-0.012915,0.017678,0.015466,-0.0018786,0.029467
-2.9811e-05,0.00086288,-1.4725e-06,-0.0015872,-8.2233e-05,0.00014423,-0.0010538,-0.000409,0.0043302,0.00041855,-5.7887e-05,-2.6044e-05,-0.0015345,-0.0059075,3.6609e-05,-0.0027588,-0.00089517,-0.0021472,8.1478e-05,0.077446,-0.023817,-0.00045671,0.0023171,-0.019681,0.012041,0.0061727,-0.031698,-0.002185,2.5291e-05,-0.003694,-0.002017,-0.033661,-0.0081147,0.011561,-0.002774,-0.0059173,-0.041461,-0.077805,0.013143,0.81252,0.0067288,-0.043162,0.001839,-0.02623,-0.1303,0.040185,0.0049844,-0.0083786,0.016785,-0.098283,0.0070445,0.004132,0.0054545,0.0031704
0.00015132,0.00037204,2.0395e-06,-0.0025351,0.00037669,5.6951e-05,0.0018037,4.284e-05,-0.00025013,-0.00035345,6.8492e-05,-1.9983e-05,0.0015466,0.00026333,6.2497e-05,-0.0047161,-0.047914,-0.0047725,-0.00045359,-0.0061575,-0.050791,0.0031757,0.00070584,0.044642,-0.03283,0.004153,-0.018644,0.0089255,-4.9375e-05,0.00096359,-0.015314,0.0049918,0.0011863,-0.00051546,0.0066276,0.0013792,0.039854,-0.044309,-0.14957,0.0070142,0.77507,-0.082619,1.3362e-05,0.011198,0.057987,0.026988,-0.023415,-0.079293,-0.020231,0.019974,0.00058157,-0.00070158,0.0019473,-0.017579
0.00015432,-0.0017645,6.3273e-06,0.0030957,-3.7965e-05,-3.2059e-06,-0.00041737,-4.55e-05,0.00067801,-0.0041242,4.7551e-05,5.1555e-05,-0.00040322,-0.0019143,-0.00012979,0.0061701,0.015319,0.0019685,5.2544e-05,-0.0080631,-0.024199,0.003297,-0.0038077,-0.0076906,0.0018426,-0.0065536,0.026753,0.022472,7.4172e-05,-0.0024473,0.095405,-0.046277,-0.012538,0.025624,-0.00055839,-0.00072784,-0.0062482,-0.0063409,-0.0026172,-0.041998,-0.079895,0.39059,0.0050636,0.0038738,0.013264,-0.055039,0.019713,0.050554,-0.016776,-0.018484,0.00087372,0.00074654,1.5437e-05,0.0017386
-8.3227e-06,2.9349e-05,2.0747e-08,2.8688e-06,-2.8069e-06,1.6877e-07,-1.2725e-05,2.9172e-06,-3.4246e-05,-3.9222e-05,0.0028913,-2.4988e-06,-0.00026894,-0.00012278,3.2339e-06,-0.00016384,-0.00038134,-4.3529e-05,1.8314e-06,0.00037264,0.001603,-0.00025042,-0.00012843,-0.053367,-0.085865,-0.00012668,0.0031712,-0.011219,-2.1325e-05,0.00070551,0.00012411,0.002225,0.00058508,-0.0011104,-4.828e-05,-2.3913e-05,-2.7489e-05,-0.00060275,-5.9137e-06,0.0017996,2.9031e-05,0.0050932,0.89967,0.00083274,0.0042665,0.0010407,-0.00015677,0.00085573,0.0023348,-0.0001232,-3.6122e-06,-4.5704e-06,1.3697e-05,-5.0785e-05
9.736e-05,-0.00022255,4.3975e-07,-0.00019134,1.424e-05,1.8555e-06,5.4272e-05,-3.0381e-05,0.00031935,0.00012976,1.7451e-05,0.0030779,3.4053e-06,-0.0010386,-1.96e-06,3.7077e-05,-0.00087534,-3.4123e-05,-6.495e-06,-0.0018849,-0.0009782,0.00047072,-0.00090911,0.00044481,0.00076638,0.099184,0.030921,-0.004539,7.2274e-07,-0.00085155,-0.012276,-0.021258,-0.0055485,0.010156,0.00011293,5.1544e-06,-0.00055113,-0.00057667,2.2076e-05,-0.024725,0.01065,0.0036438,0.00087191,0.87979,-0.081189,-0.0094207,-0.0041288,-0.0063156,-0.022936,-0.01178,0.000695,0.0003694,0.00011482,-0.00059781
0.00050242,-0.0012369,3.11e-06,-0.00078044,7.2861e-05,-1.8833e-06,0.00025999,-0.0001516,0.0016072,0.00028469,8.0492e-05,-0.00057655,7.656e-05,-0.0041475,2.8471e-06,-0.00031884,-0.0047745,-0.00021746,-5.3825e-05,-0.009655,-0.00021715,0.0016694,-0.0036101,0.0085096,-0.0020995,-0.02702,0.032655,-0.036269,-3.691e-05,-0.0030336,-0.059817,-0.1106,-0.028898,0.05298,0.00063274,0.00029311,-0.0016765,-0.00027827,0.00099806,-0.12322,0.05506,0.013125,0.0044463,-0.08106,0.48508,-0.054082,-0.020462,-0.031261,-0.11505,-0.050178,0.002508,0.0012157,0.00040573,-0.0030373
0.00023488,-0.0016279,9.8145e-06,0.0024257,1.0943e-05,9.7665e-06,4.6974e-05,0.00010122,-0.0010166,-0.0019824,2.7104e-05,1.3545e-05,0.00041908,0.0028062,-3.1643e-05,0.0020258,0.0068344,0.0010141,-5.6335e-05,-0.0076692,-0.024784,0.0052619,-0.008814,-0.020998,0.016581,0.0022458,-0.011064,-0.033615,-0.00017081,0.0089772,-0.036982,0.050217,0.012816,-0.022639,6.2431e-05,0.00053156,0.0036305,0.017123,0.0098502,0.030638,0.021637,-0.046043,0.00089204,-0.0085087,-0.048298,0.34344,-0.0087992,-0.11378,0.10185,0.049048,-0.0068814,-0.0044986,-0.00037904,-0.00019943
0.00027107,0.0013311,1.1856e-06,0.0012028,6.5374e-05,1.7037e-05,-0.00089214,-2.8209e-05,0.00042083,-6.886e-05,8.3744e-06,4.8245e-06,-0.001857,0.0016146,-0.00016078,0.0059284,0.0020552,0.00021349,6.0504e-06,0.0022161,-0.0032693,-0.0054347,0.011457,0.0047855,-0.0041818,-0.0012842,0.0054418,0.010746,-0.00031083,0.029412,-0.018062,0.023894,-0.0019625,0.056902,-0.0079141,-0.011097,-0.13983,0.11581,-0.14301,0.0057227,-0.02565,0.019094,7.0607e-07,-0.0039935,-0.019841,-0.0083796,0.73475,0.0055368,0.0045706,-0.035687,0.024032,0.014793,0.0011506,-0.0037986
0.00020274,0.0014867,-1.5794e-05,-0.0060834,0.00011211,2.7784e-05,0.0032725,-1.0537e-05,0.00041077,0.00056787,-0.0001243,3.9505e-05,0.0031042,-0.0013192,1.4427e-06,-0.0010921,-0.012263,-0.0013491,-0.00010673,0.0015732,-0.0024034,-0.00039515,-0.00017314,-0.029445,0.016241,-0.0097245,0.036443,0.048994,0.00012361,-0.0060617,-0.034944,0.013616,0.0043756,-0.012886,0.0029258,0.00088458,0.024496,-0.041775,-0.05776,-0.0060968,-0.058889,0.042027,0.00070147,-0.0051785,-0.025608,-0.10733,0.0060369,0.76617,0.019925,0.012853,0.0058,0.003619,0.0012907,-0.0060196
0.00087845,-0.0025992,2.9592e-06,-0.00031011,0.00010708,-5.1579e-05,0.0034128,0.00049129,-0.0049816,0.00018115,-6.8627e-05,-3.7496e-05,0.0033559,0.0050431,-1.5069e-05,0.0005576,-0.003303,9.2161e-05,-5.0654e-05,-0.015521,0.00080442,5.6267e-05,-0.00068783,-0.023848,0.011934,0.010026,-0.048965,0.019054,-1.5823e-07,-0.00055246,-0.011382,-0.05161,-0.014214,0.030313,0.0031135,0.0045279,0.036871,0.051009,-0.03243,0.009658,-0.014354,-0.013659,0.0021066,-0.019525,-0.098486,0.090872,0.0039766,0.01898,0.74155,0.068703,0.00028156,0.00026992,-0.0025384,-0.0052286
-0.00030438,-0.0010001,1.8545e-05,0.0012681,-0.00024611,7.6337e-05,-0.0014511,0.00014255,-0.0015053,0.00060818,1.4867e-05,3.4421e-05,0.00030307,0.0035927,5.2658e-05,-0.00092883,0.0022494,0.00014566,-9.1765e-05,-0.0037598,-0.00072528,0.0010592,-0.001985,-0.0051468,0.0031657,0.0019746,-0.0090409,-0.0025557,1.2703e-05,-0.0071706,0.00052066,-0.011422,-0.0029515,0.0059741,-0.0056042,-0.0085768,-0.069631,-0.084677,-0.0045343,-0.051971,0.015039,-0.020402,0.00031857,-0.009875,-0.04568,0.0336,-0.025323,0.012945,0.049604,0.68634,-0.03154,-0.018817,-0.005207,0.0070268
-0.00061571,-0.0029051,0.0075671,-0.0076225,-0.00020891,-0.00011324,-0.0087864,0.00018922,-0.0031513,-0.00083392,-2.0461e-05,1.7719e-06,-0.0042309,0.0044894,0.0031279,0.0012217,0.0012984,0.00010659,4.4076e-05,-0.0012262,-0.004494,0.0011658,-0.0010103,0.0012221,-0.001291,-8.5747e-05,-0.00029776,0.00070062,-0.035918,-0.051789,-0.0038889,0.013733,-8.9699e-05,0.017767,-0.0020513,0.00018746,-0.010963,0.020408,0.0012561,0.0037583,-0.0050313,0.0028214,5.0098e-06,0.00033733,0.001277,-0.00403,0.022744,0.0022923,0.00020895,-0.031379,0.26689,0.0058489,0.00014872,0.0023818
-0.00039509,-0.0018674,-0.011593,-0.0050911,-0.00020268,-0.00012341,-0.0054876,0.0001143,-0.0020748,-0.0007859,-1.3454e-05,2.5738e-06,-0.0027188,0.0028847,-0.0047826,0.00061132,0.00077526,3.359e-05,4.9233e-05,-0.00082876,-0.0031287,0.0008075,-0.00065738,0.00085992,-0.00092379,-5.435e-05,-0.00024176,0.0006806,0.05591,-0.032463,-0.0027821,0.0087397,-0.00014426,0.011409,-0.0018301,0.00037148,-0.008001,0.01372,0.0027863,0.0021139,-0.004491,0.0020773,6.3997e-06,0.00014468,0.00047259,-0.0025732,0.014202,0.00098917,0.00010421,-0.018682,0.005847,0.2609,2.2097e-05,0.0021066
6.3552e-06,-0.00016518,-3.6163e-05,0.00019127,4.0241e-05,0.018851,-0.00018084,4.9591e-05,-0.00059053,0.00049219,-2.2665e-06,-4.2101e-06,-0.0001021,0.0001515,-1.434e-05,-3.3633e-05,6.4733e-05,3.1231e-05,-0.0078507,-9.1188e-05,0.00038577,-1.2094e-05,-7.4411e-06,-1.0384e-08,4.2311e-05,-3.4824e-05,0.00018575,-0.0002595,0.00018164,-0.00065094,6.7541e-05,7.1564e-05,-6.845e-05,0.00053507,5.8824e-05,-0.11223,0.010772,0.0017852,-0.00093701,0.0037576,0.0016298,2.0504e-05,3.1562e-06,9.5674e-05,0.0004056,-0.00044478,0.00091509,0.0014413,-0.0022781,-0.0052004,0.00015103,2.4825e-05,0.25559,-0.0003922
9.8088e-05,0.00024161,8.7239e-05,-0.00155,-0.0184,0.00012402,0.0027609,0.00010615,-0.0007067,-0.0022527,4.3553e-06,1.1613e-05,-3.5472e-05,-0.0003115,3.7316e-05,0.00010379,1.054e-05,-0.0065378,-5.9648e-05,-0.00050462,-0.0018417,2.0442e-05,0.00019735,0.0011151,-0.0010681,-2.3657e-05,-0.00014295,0.0025738,-0.0004504,0.0020806,-0.0020559,-0.0019354,-9.3801e-05,-0.0015927,-0.10917,-0.00031538,-0.00028653,0.0038227,0.015452,0.0019747,-0.015199,0.001938,-3.1012e-05,-0.00046771,-0.00223,0.00023245,-0.0023324,-0.00793,-0.005445,0.0069135,0.0023897,0.002105,-0.00039288,0.27327
