-0.0014402,-0.0012147,8.9023e-07,-0.0002263,1.7137e-06,-3.3193e-07,0.000856,-2.1429e-05,0.00032918,-0.00012495,4.3446e-06,-2.0552e-07,0.0011904,-0.0010922,-1.3827e-05,0.00042118,-0.00088224,-0.00011547,1.742e-06,0.00039961,0.0012144,-0.00049101,0.00079752,-0.0012043,0.0011754,-3.0379e-05,0.00038113,-0.0031265,2.0776e-05,-0.0021545,0.0022198,-0.0018354,0.00010345,-0.0037286,0.0002845,0.00042362,0.0057729,-0.0082997,0.013015,-0.0019868,0.0044405,5.9983e-05,4.1347e-09,-0.00022244,-0.0011288,-4.4733e-05,0.008569,0.0010221,0.0013533,-0.00074472,0.00015116,7.7422e-05,1.8326e-05,-9.9204e-05
-0.001287,0.00026309,2.8843e-06,0.00095367,1.8012e-06,1.0389e-07,-7.2339e-05,4.4766e-05,-0.00045504,-0.00063762,7.0158e-06,1.1141e-06,3.9779e-05,0.00048665,-5.2738e-06,0.00027944,0.00066761,9.1363e-05,-1.8862e-06,-0.00037314,-0.0014325,0.00011283,1.3192e-05,0.00079183,-0.00084782,1.1285e-05,-0.00030751,0.0024811,6.579e-06,-0.0002834,0.0054895,0.0042556,0.0012008,-0.0027773,0.00017687,0.00017448,0.0025484,-0.0015639,-0.00050721,0.0039466,-0.00419,-0.0083442,-7.7163e-05,0.0027223,0.013684,0.00040621,0.0019669,0.00058469,0.0026335,0.001463,5.5924e-05,6.7934e-05,-3.7513e-05,0.00014538
-0.0010165,0.0016299,-2.5741e-06,-0.00078162,1.3111e-08,-1.722e-06,4.2127e-05,5.0777e-05,-0.00059647,0.00078933,-2.74e-06,-4.6991e-06,7.4753e-05,0.00090808,1.5108e-05,-0.00062315,-0.00078086,-0.00010051,-4.7244e-07,0.00016493,0.0025272,-0.00026548,0.00024899,0.00016086,6.6447e-06,0.00029925,-0.0010942,-0.00085792,-5.59e-06,0.00036905,-0.0029706,0.0055328,0.0014518,-0.0027337,6.6452e-05,0.00021697,0.0016177,0.0029693,0.0016704,0.0050062,0.0025662,0.014836,-0.00022562,0.0013584,0.0069777,-0.0007054,0.00011701,-0.00062696,0.0019961,0.0025516,-0.00027808,-0.00018757,-2.8886e-05,-5.8415e-05
-0.0013621,-0.00074359,-1.2185e-07,0.00010028,-2.1707e-07,-1.458e-07,0.00042036,1.9237e-06,3.3707e-05,-0.00022955,3.0696e-06,2.231e-07,0.00050092,-0.00022603,-8.4584e-06,0.000318,7.2055e-05,8.1739e-06,4.4814e-07,9.6053e-06,-0.00032058,-0.00010339,0.00029762,0.00046274,-0.00049569,1.5042e-05,-0.00019234,0.0014557,1.8589e-05,-0.0012402,-0.0044964,-0.0027905,-0.0003816,-0.0013846,0.0010533,0.0011388,0.013783,-0.0031303,-0.0077013,0.00066377,-0.0052632,0.0019443,2.1623e-05,-0.00045913,-0.0022965,0.00037265,0.0032657,-0.0038634,-0.0029991,0.00317,0.0013395,0.0010005,-7.9981e-05,0.00078519
-0.0011508,0.0008847,1.62e-06,0.00058898,-2.5455e-06,1.0733e-06,-0.00025166,5.8654e-05,-0.00066037,-0.00017713,1.6355e-05,-8.9173e-07,-0.00025334,0.0011922,6.7493e-06,-0.00018491,0.00035682,5.4414e-05,-5.6742e-06,-0.00051285,-0.00080144,0.00024525,-0.00041485,-0.00060219,0.0004665,-2.8104e-05,0.00011806,-0.00085198,-4.6119e-06,0.00023948,0.0029758,-0.0033715,-0.00093279,0.0019793,0.00035869,0.0010114,0.0071423,0.01419,0.0047825,0.0031044,0.0027399,-0.0032977,7.3114e-05,-0.00017097,-0.0011137,-0.0002073,0.00069211,0.0029109,-0.0037764,0.0062678,-0.00085634,-0.00060823,2.4302e-05,-0.00038687
-0.0014655,-0.0020824,-2.8254e-06,-0.0010904,4.4655e-06,-8.1251e-07,0.002994,-0.0096717,0.0027418,0.0047601,-4.6943e-05,-3.2594e-06,-0.0067566,0.0046197,4.2893e-05,-0.0013587,0.0022615,0.00030548,-8.674e-06,-0.0014714,-0.0039582,0.013686,0.036005,-0.0019745,0.0011745,-0.0001301,0.0005858,-0.00059547,-3.1229e-05,0.0025247,-0.00037131,0.0016698,0.0093134,0.0086628,0.00010778,0.00012833,0.0016008,-0.0011961,0.0011762,-0.00010139,-5.2124e-05,-4.8435e-05,-9.834e-07,2.8642e-05,0.00014964,-1.2081e-05,-0.00085446,-6.1497e-06,1.4737e-05,5.8336e-05,-0.00039273,-0.00025651,-1.0844e-05,5.1904e-05
-0.0018191,-0.0040549,0.011822,-0.0065874,-2.2178e-05,3.3959e-06,-0.0096946,0.00024513,-0.0033374,6.3218e-05,-1.3601e-05,-1.0684e-06,-0.0047084,0.0072255,0.033931,0.033874,-0.0063331,-0.00076993,2.0772e-05,0.0029613,0.0023863,-0.00077888,0.00091348,-0.00023571,0.00020903,-4.8518e-05,0.00030258,0.00040076,0.011956,0.01055,0.00017034,-0.0012657,2.8459e-05,-0.0016575,1.8733e-05,2.4395e-05,0.00031629,-0.00034059,0.00044363,-7.2013e-05,3.0134e-05,-4.4654e-05,-7.4025e-07,2.1842e-05,0.00011392,-1.5025e-05,-0.00085732,-1.0753e-05,2.749e-05,0.00085598,0.013003,-0.0029667,9.9546e-05,-0.00042867
-0.0014725,-0.0020993,6.6255e-07,-0.0011007,4.518e-06,-8.17e-07,0.0029859,0.0092805,0.0046823,0.0051185,-5.032e-05,-3.4515e-06,-0.00727,0.005039,5.0016e-05,-0.0015679,0.0027213,0.00037017,-1.0672e-05,-0.0018291,-0.0068428,-0.036151,0.012035,-0.0012485,0.00082073,-9.5449e-05,0.00045567,-0.00043555,-1.1876e-05,0.0022325,-0.00035858,0.0051106,-0.0092599,0.0057803,0.00010116,0.00012084,0.0015095,-0.0011428,0.0011386,-9.5631e-05,-5.1238e-05,-4.8543e-05,-8.5966e-07,2.9212e-05,0.00015184,-4.5694e-06,-0.00090497,-1.4385e-05,-5.0683e-06,8.6223e-05,-0.0003992,-0.00026775,-1.1807e-05,5.977e-05
-0.001819,-0.0040567,-0.011893,-0.0065158,-2.2164e-05,3.3946e-06,-0.0096938,0.00024846,-0.0033398,6.3746e-05,-1.363e-05,-1.0732e-06,-0.0047254,0.0072811,-0.03567,0.032063,-0.0062323,-0.00075862,2.0517e-05,0.0029269,0.0023693,-0.00078534,0.0009135,-0.00023356,0.00020701,-4.863e-05,0.00030394,0.00042961,-0.012188,0.010198,0.00016969,-0.001258,2.9499e-05,-0.0016479,1.8338e-05,2.3927e-05,0.0003104,-0.0003365,0.00044051,-7.1215e-05,3.0038e-05,-4.4386e-05,-7.346e-07,2.1694e-05,0.00011313,-1.4654e-05,-0.00084782,-1.3191e-05,2.3432e-05,0.00082011,0.002506,0.013019,0.00015138,-0.00056225
-0.0013199,0.00039686,6.9197e-06,0.0024009,-1.6986e-06,1.1777e-06,-0.000922,0.00011334,-0.0012471,-0.0045398,0.011719,2.4931e-05,-0.0096655,-0.0045261,2.8555e-05,-0.0013898,-0.0028345,-0.00037192,5.8153e-06,0.0013133,0.0057828,-0.00047377,-0.00021588,-0.004301,0.0347,0.00011404,-0.0042528,0.017332,3.7778e-05,-0.0013681,-0.00051076,-0.00048979,-9.4641e-05,4.9837e-05,-1.5918e-05,-2.9232e-05,-0.00036857,6.4197e-05,0.00011582,-0.00081204,0.0017793,-0.0002531,0.0045576,0.00025731,0.0012684,7.5525e-05,0.00023362,-0.002708,-0.0020866,-0.00029554,-8.2167e-06,-2.1899e-06,4.5837e-06,0.00015861
-0.001569,0.00065053,1.9183e-05,0.0069347,0.014787,8.8972e-06,-0.0091915,-0.00084656,0.0080069,0.0067869,-7.4607e-06,-1.5623e-05,0.0017103,-0.0018072,5.0585e-05,-0.0032044,-0.024846,-0.038109,-0.00026055,-0.018376,-0.007137,0.00024647,0.00016452,0.0012407,-0.0012142,2.3087e-06,-0.0003555,0.0029724,9.9737e-06,-0.00048429,-0.0012345,-0.00079685,-0.00015181,2.5041e-05,-0.0058286,-4.9073e-05,-0.00084036,-1.8303e-05,0.0023254,0.0019574,-0.0034616,0.00031512,1.3244e-05,-9.681e-05,-0.0004755,4.8645e-05,0.00041556,-0.0016349,-0.0015195,0.00040688,-0.00084827,-0.0007394,6.9098e-05,-0.010835
-0.0013266,0.00040195,7.0321e-06,0.0024412,1.3062e-06,1.1539e-06,-0.00094331,0.00011672,-0.0012845,-0.0047643,-0.012224,2.1306e-05,-0.0099197,-0.0047176,3.0579e-05,-0.0014963,-0.0031189,-0.00040802,6.1007e-06,0.0014353,0.0068152,-0.00061285,-0.00033985,-0.034829,-0.01213,6.4213e-06,-0.0022487,0.011916,2.8289e-05,-0.001081,-0.00046169,-0.00044133,-8.4576e-05,4.0996e-05,-1.9917e-05,-2.7002e-05,-0.00034103,7.1286e-05,0.00010034,-0.00079324,0.0017633,-0.00034126,-0.0044239,0.00022496,0.0011439,8.2591e-05,0.00021892,-0.0026875,-0.0020943,-0.00030993,-1.0777e-05,-4.6665e-06,5.6481e-06,0.0001504
-0.0015689,0.00065139,1.9209e-05,0.0069473,-0.014882,8.3262e-06,-0.0091373,-0.00084706,0.0080138,0.0068025,-1.0271e-05,-1.5663e-05,0.0017234,-0.0018189,5.1553e-05,-0.0032926,-0.03305,0.03217,-0.00022414,-0.016723,-0.0070051,0.00024331,0.0001628,0.0012327,-0.0012038,2.2068e-06,-0.00035187,0.0029472,9.9171e-06,-0.00048265,-0.001229,-0.00079059,-0.00014953,1.6001e-05,0.0055051,-0.00014291,-0.0016218,4.103e-05,0.0024734,0.0019821,-0.0034992,0.00032119,1.447e-05,-9.8949e-05,-0.00048627,4.9424e-05,0.0004241,-0.0016293,-0.0015152,0.00047024,-0.0007205,-0.00060215,3.8269e-05,0.0073579
-0.0010395,0.002513,-6.4941e-06,-0.0020165,-7.5229e-07,-1.1923e-06,-5.9163e-05,0.00011658,-0.0015308,0.0055184,-3.7441e-05,0.011729,-0.0012676,-0.0097494,-7.8025e-05,0.002978,0.0028985,0.00036985,6.0526e-06,-0.00059603,-0.0090429,0.0008823,-0.00076092,-0.001443,0.00017668,-0.022084,-0.030975,-0.0059965,-2.3022e-05,0.00094692,0.00014526,-0.00083968,-0.00023419,0.00049647,-7.1027e-06,-1.6359e-05,-0.00018142,-0.00033073,-0.00012981,-0.0014633,-0.00092244,0.00065852,-2.7706e-05,0.0047538,0.00017703,-0.0014295,0.00028297,0.0022825,-0.0024168,-0.00063319,4.3663e-05,1.9458e-05,6.2103e-05,-5.9788e-05
-0.0012303,0.0041371,-1.7476e-05,-0.0056366,-4.7043e-06,-0.014738,-0.000719,-0.0010345,0.011512,-0.0085372,2.9751e-05,5.8061e-05,0.00034667,-0.0037696,-0.00011898,0.005701,0.014435,0.0023619,-0.035602,-0.028608,0.010972,-0.00037471,1.9831e-05,-0.00017896,0.00028642,0.00035062,-0.0011571,-0.001096,-6.2367e-06,0.00033763,0.00029152,-0.0011023,-0.00031608,0.00073152,-1.9479e-05,-0.0058365,0.00013976,-0.0015076,-0.0009872,0.0041142,0.0018942,-0.00049732,1.0438e-05,-7.3813e-05,-0.000444,-0.00053542,0.00015979,0.0013141,-0.0017243,-0.0007268,0.0006214,0.00051791,-0.010009,0.00052831
-0.0010438,0.0025318,-6.5708e-06,-0.0020411,-7.6793e-07,-2.286e-06,-5.8903e-05,0.00011664,-0.0015332,0.0055585,-3.3821e-05,-0.011953,-0.0013291,-0.010042,-8.1231e-05,0.0031093,0.0030619,0.00039166,6.7625e-06,-0.00065871,-0.0098177,0.00099525,-0.00091288,-0.0021805,0.00089027,0.032778,-0.018823,-0.0047583,-1.9577e-05,0.00083825,0.00011126,-0.00077596,-0.00021736,0.00046496,-6.4588e-06,-1.6314e-05,-0.00016723,-0.00030093,-0.00011753,-0.0014691,-0.00091964,0.00063353,-1.9475e-05,-0.0042486,0.0019576,-0.0014411,0.00028726,0.0023175,-0.0024749,-0.00069561,5.0398e-05,2.4075e-05,6.4157e-05,-5.8072e-05
-0.0012301,0.0041367,-1.7481e-05,-0.0056382,-5.2291e-06,0.014757,-0.00070107,-0.0010325,0.011491,-0.0085273,2.9564e-05,5.7029e-05,0.00034873,-0.0037567,-0.00011857,0.0056779,0.014253,0.0023197,0.035138,-0.029275,0.010971,-0.00037374,1.8831e-05,-0.00017811,0.00028563,0.00034847,-0.0011511,-0.0010934,-6.2274e-06,0.00033718,0.00029688,-0.0010966,-0.00031439,0.00072695,5.2928e-06,0.0055972,-0.00091106,-0.001789,-0.001074,0.0041732,0.001919,-0.0005091,1.0477e-05,-7.4793e-05,-0.00045143,-0.00052857,0.00016102,0.0013185,-0.0017274,-0.00060285,0.00050767,0.00039485,0.0092591,0.00066439
-0.00088781,0.0019433,-4.7556e-06,-0.0014791,-6.3413e-07,-1.0313e-07,-6.0363e-05,-1.4305e-05,6.8394e-05,0.0012258,-6.9249e-06,-1.2901e-05,-0.00021108,-0.00066774,1.1896e-05,-0.00061637,-0.0013856,-0.00020439,9.6735e-06,0.0014387,0.0051425,-0.00090828,0.0014163,0.0033078,-0.0025035,0.00058058,-0.0022473,0.0032019,1.5447e-05,-0.00086093,0.0032593,-0.003951,-0.0010044,0.0017692,-2.3265e-05,-5.1904e-05,-0.00046876,-0.00059395,-0.00019557,-0.001041,-0.00036603,0.0024861,-4.0613e-05,0.00030297,0.001715,0.016647,0.00017622,0.0036594,-0.0030197,-0.0010782,0.00019004,0.00012801,-1.8397e-05,2.9054e-05
