0.0048851,4.5969e-07,-0.00085917,0.0033064,0.0065298,-0.0023948,0.0014611,-0.0080622,8.8085e-05,-0.0091689,-4.2327e-05,-0.010906,0.0027619,-0.00020502,0.00055188
0.003961,-1.7558e-06,0.0066739,0.0044368,-0.0064974,-0.0018219,0.0011111,-0.0073218,-0.011305,0.0073503,3.1328e-06,-0.0018929,0.00057274,-0.00055647,0.00057088
0.0048776,-0.0098914,0.0027687,-0.0087112,0.00025015,-0.017198,-0.0048398,0.0027115,-1.1602e-05,0.00016941,-6.7795e-05,0.00024004,0.00093336,-6.178e-05,7.3868e-05
0.0040891,6.2365e-08,-0.0079898,-0.00016294,-0.0062162,-0.0018336,0.0011192,-0.0073782,0.01089,0.0077976,7.9853e-07,-0.0020249,0.00073048,0.00053629,0.00056713
0.0048773,0.0098854,0.0027669,-0.0086991,0.00024774,-0.0038251,0.017348,0.0027628,-1.2249e-05,0.00017361,6.5845e-05,0.00023832,0.00093911,-6.2337e-05,7.4213e-05
0.0048225,4.3415e-07,-0.00079799,0.0030719,0.0057572,-0.0018484,0.0011256,-0.005085,4.5065e-05,-0.0040588,-1.5965e-05,-0.0035856,-0.0010817,0.00011187,-0.0028913
0.0038982,-1.6544e-06,0.0061768,0.0040834,-0.0056341,-0.001344,0.0008171,-0.0038985,-0.0044085,0.0016243,1.2893e-07,1.5305e-05,-0.0018903,0.0035354,0.002232
0.0047636,-0.0091198,0.0024441,-0.0076713,0.00018102,-0.0063994,-0.001739,-0.0013414,2.218e-05,-0.0012103,-0.0046164,0.0030274,0.0024992,-0.00015665,0.00013848
0.0040256,5.9414e-08,-0.0073939,-0.00016496,-0.0054015,-0.0013604,0.000828,-0.003989,0.0043698,0.0018464,-1.4867e-07,-1.9245e-05,-0.002349,-0.0032571,0.0021951
0.004764,0.0091198,0.002445,-0.0076685,0.00017964,-0.0014769,0.0064504,-0.0013195,2.3392e-05,-0.0012188,0.00464,0.0029987,0.0024985,-0.00015679,0.00013859
0.0047917,4.151e-07,-0.0007697,0.0029638,0.0054224,-0.0016481,0.0010025,-0.0040019,2.9336e-05,-0.0022534,-6.8304e-06,-0.0010598,-0.0023195,0.00021306,-0.0039068
0.0038679,-1.603e-06,0.0059697,0.0039364,-0.0053067,-0.0011988,0.00072779,-0.0028926,-0.0024609,6.0814e-05,-6.5806e-07,0.00050857,-0.0024484,0.0044446,0.0025461
0.004709,-0.0088051,0.0023221,-0.007282,0.00015819,-0.0036219,-0.00094102,-0.0022611,2.8967e-05,-0.0014737,-0.0054676,0.0035259,0.0027262,-0.0001702,0.0001453
0.003995,6.198e-08,-0.0071451,-0.00016597,-0.0050917,-0.0012171,0.00073973,-0.0029941,0.0025307,0.00022413,-4.1092e-07,0.00049929,-0.0030447,-0.0040963,0.0024984
0.0047096,0.0088074,0.0023241,-0.0072827,0.00015715,-0.00087668,0.0036616,-0.0022408,3.0524e-05,-0.0014827,0.0054888,0.0034879,0.0027213,-0.00017001,0.00014531
0.0047718,3.9926e-07,-0.00075308,0.0029003,0.0052408,-0.0015623,0.0009498,-0.0035676,2.3327e-05,-0.001587,-3.579e-06,-0.00017228,-0.0026702,0.0002409,-0.0040972
0.0038467,-1.5639e-06,0.005843,0.0038475,-0.0051279,-0.0011389,0.00069105,-0.0025427,-0.0018507,-0.0003771,-8.3039e-07,0.00062677,-0.0024983,0.0045047,0.0025018
0.0046695,-0.0086063,0.0022512,-0.0070568,0.0001476,-0.0028014,-0.0007059,-0.0024155,2.9539e-05,-0.0014736,-0.005431,0.0034821,0.00263,-0.00016406,0.00013889
0.0039734,6.7291e-08,-0.0069927,-0.00016594,-0.0049215,-0.0011578,0.00070336,-0.0026463,0.0019505,-0.00023379,-4.6627e-07,0.00062446,-0.0031072,-0.0041511,0.0024514
0.0046703,0.0086093,0.0022535,-0.0070586,0.00014665,-0.00069929,0.0028389,-0.002395,3.1091e-05,-0.0014819,0.0054489,0.0034425,0.0026237,-0.00016371,0.00013889
0.0047559,3.8541e-07,-0.00074076,0.0028531,0.0051145,-0.0015149,0.00092075,-0.0033566,2.0761e-05,-0.0013136,-2.3434e-06,0.00015407,-0.0027204,0.00024393,-0.0040118
0.0038281,-1.5286e-06,0.0057405,0.0037765,-0.0049931,-0.0011013,0.00066808,-0.0023729,-0.0016045,-0.00050953,-8.3654e-07,0.0006459,-0.0024161,0.0043442,0.0023667
0.0046346,-0.0084403,0.0021945,-0.0068769,0.00014047,-0.0024633,-0.00060977,-0.0023845,2.8718e-05,-0.0014134,-0.0051894,0.0033159,0.0024617,-0.00015349,0.00012957
0.0039546,7.3584e-08,-0.0068693,-0.00016529,-0.0047924,-0.0011205,0.00068051,-0.0024753,0.0017117,-0.00037722,-4.6317e-07,0.00064585,-0.0030057,-0.004003,0.0023164
0.0046354,0.0084434,0.0021968,-0.0068789,0.00013955,-0.00062522,0.0024978,-0.0023647,3.0186e-05,-0.001421,0.0052055,0.0032775,0.0024551,-0.00015307,0.00012961
0.0047413,3.729e-07,-0.00073017,0.0028125,0.0050096,-0.0014807,0.00089979,-0.0032234,1.9415e-05,-0.001177,-1.8026e-06,0.00028718,-0.0026704,0.00023872,-0.0038387
0.0038106,-1.4954e-06,0.0056468,0.0037121,-0.0048736,-0.0010699,0.00064897,-0.0022543,-0.0014601,-0.00055814,-8.0006e-07,0.00063906,-0.0023028,0.0041319,0.0022129
0.0046015,-0.0082865,0.0021428,-0.0067131,0.00013456,-0.0022488,-0.00054936,-0.0023104,2.7612e-05,-0.0013415,-0.0049084,0.0031279,0.0022829,-0.00014228,0.00011982
0.0039368,7.9908e-08,-0.0067567,-0.00016425,-0.0046777,-0.0010893,0.00066143,-0.0023546,0.001568,-0.00043462,-4.4492e-07,0.00064002,-0.0028655,-0.0038075,0.0021638
0.0046023,0.0082896,0.0021451,-0.0067151,0.00013364,-0.0005774,0.0022797,-0.0022917,2.8981e-05,-0.0013486,0.0049233,0.0030914,0.0022765,-0.00014182,0.00011991
0.0047274,3.6138e-07,-0.00072042,0.002775,0.0049144,-0.0014512,0.00088171,-0.0031185,1.8508e-05,-0.0010889,-1.5045e-06,0.00035283,-0.0025884,0.0002309,-0.003642
0.0037936,-1.464e-06,0.0055577,0.0036513,-0.0047616,-0.0010407,0.00063116,-0.0021521,-0.0013466,-0.00058296,-7.5458e-07,0.00062554,-0.0021852,0.0039129,0.00206
0.0045697,-0.0081399,0.0020939,-0.0065581,0.00012926,-0.0020703,-0.0004994,-0.0022279,2.6471e-05,-0.0012693,-0.004628,0.0029415,0.0021088,-0.00013135,0.00011025
0.0039196,8.5853e-08,-0.0066498,-0.00016292,-0.0045702,-0.0010601,0.00064362,-0.0022501,0.0014533,-0.00046748,-4.2365e-07,0.00062718,-0.0027199,-0.003606,0.0020124
0.0045704,0.0081429,0.0020961,-0.00656,0.00012833,-0.0005372,0.0020974,-0.0022105,2.7743e-05,-0.0012761,0.0046419,0.0029072,0.0021027,-0.00013087,0.00011038
0.0047138,3.5064e-07,-0.0007112,0.0027395,0.0048248,-0.0014234,0.00086476,-0.0030248,1.7767e-05,-0.001019,-1.2941e-06,0.00039405,-0.0024977,0.00022241,-0.0034432
0.0037771,-1.4343e-06,0.0054719,0.0035932,-0.0046548,-0.0010125,0.000614,-0.0020569,-0.0012447,-0.0006003,-7.0912e-07,0.00061044,-0.0020703,0.0036992,0.0019129
0.0045388,-0.0079991,0.0020471,-0.0064098,0.0001244,-0.0019063,-0.00045368,-0.0021456,2.535e-05,-0.0011995,-0.0043572,0.0027623,0.0019427,-0.00012092,0.00010101
0.0039028,9.128e-08,-0.0065471,-0.00016135,-0.0044677,-0.0010319,0.00062645,-0.0021524,0.0013497,-0.00049242,-4.0267e-07,0.00061262,-0.0025778,-0.0034094,0.0018668
0.0045396,0.0080019,0.0020493,-0.0064116,0.00012346,-0.00050008,0.0019298,-0.0021294,2.6529e-05,-0.0012059,0.0043704,0.00273,0.0019369,-0.00012041,0.00010118
0.0047004,3.4059e-07,-0.00070239,0.0027055,0.0047393,-0.0013966,0.00084835,-0.0029364,1.7096e-05,-0.0009569,-1.1183e-06,0.00042564,-0.0024062,0.00021388,-0.0032496
0.003761,-1.4063e-06,0.0053892,0.0035375,-0.0045525,-0.00098507,0.00059732,-0.001966,-0.001149,-0.00061465,-6.6599e-07,0.00059509,-0.00196,0.0034937,0.0017726
0.0045089,-0.0078634,0.0020022,-0.0062676,0.00011992,-0.0017514,-0.00041059,-0.0020655,2.4261e-05,-0.0011327,-0.004098,0.002591,0.0017851,-0.00011102,9.2146e-05
0.0038864,9.6163e-08,-0.0064482,-0.00015958,-0.0043695,-0.0010045,0.00060974,-0.0020592,0.0012523,-0.00051401,-3.8283e-07,0.00059777,-0.0024411,-0.0032203,0.0017282
0.0045097,0.0078661,0.0020043,-0.0062693,0.00011898,-0.00046489,0.0017713,-0.0020505,2.5352e-05,-0.0011387,0.0041105,0.0025607,0.0017797,-0.0001105,9.2342e-05
0.0046872,3.3115e-07,-0.00069393,0.0026728,0.0046573,-0.0013703,0.00083228,-0.0028513,1.6462e-05,-0.00089893,-9.5865e-07,0.00045273,-0.0023165,0.00020554,-0.0030634
0.0037452,-1.3798e-06,0.0053092,0.0034839,-0.0044542,-0.00095836,0.00058107,-0.0018787,-0.0010582,-0.00062728,-6.2569e-07,0.00057983,-0.0018543,0.0032968,0.0016393
0.0044799,-0.0077326,0.0019591,-0.0061311,0.00011578,-0.001604,-0.00036969,-0.001988,2.3205e-05,-0.0010688,-0.0038504,0.0024277,0.0016359,-0.00010163,8.3652e-05
0.0038704,1.0051e-07,-0.0063529,-0.00015763,-0.0042752,-0.00097782,0.00059344,-0.0019695,0.0011597,-0.00053353,-3.6428e-07,0.00058298,-0.0023102,-0.0030391,0.0015965
0.0044806,0.0077353,0.0019612,-0.0061326,0.00011484,-0.00043129,0.0016205,-0.0019741,2.4213e-05,-0.0010745,0.0038621,0.0023993,0.0016308,-0.0001011,8.3878e-05
0.0046743,3.2227e-07,-0.0006858,0.0026413,0.0045785,-0.0013445,0.00081649,-0.0027687,1.5852e-05,-0.00084379,-8.0867e-07,0.00047714,-0.0022294,0.00019744,-0.002885
0.0037298,-1.3548e-06,0.0052319,0.0034324,-0.0043598,-0.00093232,0.00056522,-0.0017946,-0.00097149,-0.00063859,-5.8822e-07,0.00056477,-0.0017533,0.0031084,0.0015127
0.0044518,-0.0076066,0.0019177,-0.0059999,0.00011197,-0.0014634,-0.00033079,-0.0019131,2.2183e-05,-0.0010077,-0.003614,0.002272,0.0014947,-9.2742e-05,7.5526e-05
0.0038547,1.0436e-07,-0.0062608,-0.00015551,-0.0041847,-0.00095176,0.00057755,-0.0018831,0.0010712,-0.00055141,-3.4703e-07,0.00056836,-0.002185,-0.0028657,0.0014716
0.0044525,0.0076091,0.0019197,-0.0060013,0.00011103,-0.00039918,0.0014768,-0.0019003,2.3112e-05,-0.0010131,0.0036251,0.0022454,0.0014898,-9.2198e-05,7.5777e-05
0.0046615,3.1391e-07,-0.00067798,0.002611,0.0045026,-0.001319,0.00080095,-0.0026885,1.5263e-05,-0.00079097,-6.6601e-07,0.00049954,-0.002145,0.00018962,-0.0027145
0.0037148,-1.3312e-06,0.0051571,0.0033828,-0.004269,-0.00090693,0.00054978,-0.0017136,-0.00088872,-0.00064874,-5.5345e-07,0.00054994,-0.0016568,0.0029282,0.0013925
0.0044244,-0.007485,0.0018779,-0.0058739,0.00010846,-0.0013293,-0.00029378,-0.0018407,2.1192e-05,-0.00094934,-0.0033884,0.0021236,0.001361,-8.4324e-05,6.7757e-05
0.0038394,1.0774e-07,-0.0061719,-0.00015324,-0.0040977,-0.00092633,0.00056204,-0.0017998,0.00098672,-0.00056782,-3.31e-07,0.00055395,-0.0020654,-0.0026999,0.001353
0.0044251,0.0074874,0.0018798,-0.0058752,0.00010752,-0.00036845,0.0013397,-0.001829,2.2047e-05,-0.00095448,0.0033988,0.0020988,0.0013565,-8.3772e-05,6.8031e-05
0.0046489,3.0604e-07,-0.00067044,0.0025817,0.0044295,-0.001294,0.00078567,-0.0026104,1.4691e-05,-0.00074027,-5.2971e-07,0.00052022,-0.0020636,0.00018206,-0.0025515
0.0037001,-1.3089e-06,0.0050848,0.0033351,-0.0041818,-0.00088218,0.00053472,-0.0016355,-0.00080966,-0.00065783,-5.2123e-07,0.00053534,-0.0015646,0.0027558,0.0012784
0.0043979,-0.0073677,0.0018396,-0.0057528,0.00010522,-0.0012014,-0.00025858,-0.0017709,2.0233e-05,-0.0008936,-0.003173,0.0019821,0.0012346,-7.6354e-05,6.0336e-05
0.0038245,1.1068e-07,-0.0060861,-0.00015085,-0.0040141,-0.00090153,0.00054692,-0.0017195,0.00090598,-0.00058286,-3.1614e-07,0.00053975,-0.001951,-0.0025413,0.0012406
0.0043985,0.00737,0.0018416,-0.005754,0.00010428,-0.00033906,0.001209,-0.0017602,2.1018e-05,-0.00089846,0.0031828,0.001959,0.0012303,-7.5798e-05,6.0628e-05
0.0046365,2.9861e-07,-0.00066319,0.0025534,0.0043592,-0.0012694,0.00077063,-0.0025344,1.4137e-05,-0.00069154,-3.9931e-07,0.00053936,-0.0019848,0.00017475,-0.0023957
0.0036857,-1.2879e-06,0.0050148,0.0032892,-0.0040979,-0.00085805,0.00052004,-0.0015602,-0.00073416,-0.00066592,-4.9141e-07,0.00052099,-0.0014765,0.002591,0.0011702
0.0043721,-0.0072545,0.0018029,-0.0056363,0.00010224,-0.0010793,-0.00022509,-0.0017035,1.9304e-05,-0.00084036,-0.0029675,0.0018473,0.001115,-6.8811e-05,5.325e-05
0.0038099,1.1321e-07,-0.0060032,-0.00014835,-0.0039338,-0.00087733,0.00053217,-0.0016421,0.00082882,-0.00059662,-3.0236e-07,0.00052577,-0.0018417,-0.0023896,0.001134
0.0043727,0.0072567,0.0018047,-0.0056374,0.0001013,-0.00031093,0.0010843,-0.0016937,2.0024e-05,-0.00084494,0.0029766,0.0018258,0.001111,-6.8253e-05,5.3559e-05
0.0046243,2.916e-07,-0.0006562,0.0025262,0.0042914,-0.0012451,0.00075584,-0.0024604,1.36e-05,-0.00064471,-2.745e-07,0.00055704,-0.0019088,0.00016771,-0.0022469
0.0036716,-1.268e-06,0.0049471,0.0032449,-0.0040172,-0.00083454,0.00050573,-0.0014876,-0.00066205,-0.00067307,-4.6384e-07,0.00050688,-0.0013924,0.0024333,0.0010675
0.004347,-0.0071452,0.0017675,-0.0055243,9.9494e-05,-0.00096293,-0.00019324,-0.0016384,1.8405e-05,-0.0007895,-0.0027713,0.0017189,0.001002,-6.1674e-05,4.649e-05
0.0037955,1.1536e-07,-0.005923,-0.00014575,-0.0038566,-0.00085374,0.00051779,-0.0015675,0.0007551,-0.00060918,-2.896e-07,0.00051202,-0.0017372,-0.0022445,0.0010329
0.0043476,0.0071473,0.0017693,-0.0055254,9.8565e-05,-0.00028403,0.00096543,-0.0016295,1.9064e-05,-0.00079382,0.0027799,0.0016988,0.00099824,-6.1116e-05,4.6812e-05
0.0046122,2.8498e-07,-0.00064946,0.0024998,0.0042261,-0.0012213,0.0007413,-0.0023884,1.3078e-05,-0.00059969,-1.5506e-07,0.00057336,-0.0018354,0.0001609,-0.0021048
0.0036579,-1.2492e-06,0.0048815,0.0032023,-0.0039396,-0.00081163,0.00049179,-0.0014177,-0.0005932,-0.00067935,-4.3837e-07,0.00049303,-0.0013119,0.0022826,0.00097002
0.0043226,-0.0070397,0.0017335,-0.0054166,9.6972e-05,-0.00085193,-0.00016296,-0.0015755,1.7535e-05,-0.00074091,-0.0025841,0.0015965,0.00089513,-5.4923e-05,4.0044e-05
0.0037815,1.1716e-07,-0.0058456,-0.00014307,-0.0037823,-0.00083074,0.00050377,-0.0014956,0.00068466,-0.0006206,-2.778e-07,0.0004985,-0.0016374,-0.0021057,0.00093704
0.0043233,0.0070417,0.0017353,-0.0054175,9.6048e-05,-0.00025829,0.00085209,-0.0015675,1.8135e-05,-0.00074499,0.0025921,0.0015778,0.00089161,-5.4366e-05,4.0376e-05
0.0046003,2.7871e-07,-0.00064296,0.0024744,0.0041631,-0.0011979,0.00072701,-0.0023183,1.2572e-05,-0.00055641,-4.0756e-08,0.0005884,-0.0017644,0.00015433,-0.001969
0.0036444,-1.2314e-06,0.004818,0.0031613,-0.0038648,-0.00078931,0.00047821,-0.0013503,-0.00052746,-0.00068481,-4.1487e-07,0.00047943,-0.001235,0.0021385,0.0008776
0.0042989,-0.0069378,0.0017007,-0.005313,9.4655e-05,-0.00074607,-0.00013418,-0.0015148,1.6693e-05,-0.00069449,-0.0024055,0.0014798,0.00079414,-4.8538e-05,3.3901e-05
0.0037678,1.1862e-07,-0.0057707,-0.00014032,-0.0037109,-0.00080831,0.0004901,-0.0014262,0.00061737,-0.00063095,-2.6689e-07,0.00048522,-0.0015419,-0.0019731,0.0008462
0.0042995,0.0069397,0.0017025,-0.0053138,9.3738e-05,-0.00023366,0.00074405,-0.0015076,1.7239e-05,-0.00069833,0.002413,0.0014626,0.00079085,-4.7984e-05,3.4241e-05
0.0045886,2.7278e-07,-0.00063669,0.0024498,0.0041024,-0.0011749,0.00071298,-0.0022501,1.2081e-05,-0.0005148,6.8592e-08,0.00060222,-0.0016959,0.00014798,-0.0018393
0.0036312,-1.2146e-06,0.0047565,0.0031217,-0.0037929,-0.00076756,0.00046498,-0.0012854,-0.00046471,-0.0006895,-3.9322e-07,0.00046609,-0.0011616,0.0020007,0.00078996
0.0042759,-0.0068393,0.0016692,-0.0052132,9.2527e-05,-0.00064514,-0.00010683,-0.0014562,1.5878e-05,-0.00065016,-0.0022351,0.0013687,0.00069872,-4.2501e-05,2.8051e-05
0.0037544,1.1978e-07,-0.0056983,-0.00013751,-0.0036421,-0.00078645,0.00047678,-0.0013594,0.0005531,-0.0006403,-2.5681e-07,0.00047217,-0.0014506,-0.0018462,0.00076012
0.0042765,0.0068411,0.0016709,-0.0052139,9.1618e-05,-0.00021009,0.00064107,-0.0014497,1.6373e-05,-0.00065377,0.0022421,0.0013528,0.00069564,-4.1951e-05,2.8398e-05
0.0045771,2.6715e-07,-0.00063064,0.002426,0.0040438,-0.0011523,0.00069919,-0.0021837,1.1605e-05,-0.00047481,1.7317e-07,0.00061489,-0.0016297,0.00014186,-0.0017154
0.0036183,-1.1988e-06,0.0046969,0.0030835,-0.0037236,-0.00074638,0.0004521,-0.0012228,-0.00040481,-0.00069346,-3.7329e-07,0.00045301,-0.0010914,0.001869,0.00070686
0.0042534,-0.0067442,0.0016389,-0.0051171,9.0575e-05,-0.00054891,-8.0839e-05,-0.0013996,1.509e-05,-0.0006078,-0.0020725,0.0012629,0.00060859,-3.6795e-05,2.2484e-05
0.0037413,1.2066e-07,-0.0056282,-0.00013466,-0.0035759,-0.00076514,0.00046379,-0.0012949,0.00049171,-0.0006487,-2.4752e-07,0.00045937,-0.0013634,-0.0017249,0.00067857
0.004254,0.0067459,0.0016405,-0.0051178,8.9674e-05,-0.00018755,0.00054293,-0.0013938,1.5536e-05,-0.00061119,0.002079,0.0012481,0.00060572,-3.6251e-05,2.2835e-05
0.0045657,2.6181e-07,-0.00062479,0.002403,0.0039872,-0.0011301,0.00068564,-0.0021191,1.1143e-05,-0.00043637,2.7317e-07,0.00062649,-0.0015658,0.00013595,-0.001597
0.0036057,-1.1837e-06,0.0046391,0.0030466,-0.0036569,-0.00072574,0.00043954,-0.0011624,-0.00034763,-0.00069675,-3.5498e-07,0.00044019,-0.0010243,0.0017431,0.00062809
0.0042316,-0.0066522,0.0016097,-0.0050246,8.8785e-05,-0.00045718,-5.6156e-05,-0.0013449,1.4327e-05,-0.00056734,-0.0019174,0.001162,0.00052349,-3.1403e-05,1.719e-05
0.0037284,1.2127e-07,-0.0055603,-0.00013176,-0.0035121,-0.00074438,0.00045114,-0.0012327,0.00043308,-0.0006562,-2.3896e-07,0.00044682,-0.00128,-0.001609,0.00060131
0.0042321,0.0066538,0.0016113,-0.0050252,8.7893e-05,-0.00016598,0.00044941,-0.0013398,1.4729e-05,-0.00057053,0.0019234,0.0011485,0.00052082,-3.0866e-05,1.7543e-05
0.0045545,2.5674e-07,-0.00061915,0.0023808,0.0039326,-0.0011083,0.00067235,-0.0020563,1.0695e-05,-0.00039942,3.6876e-07,0.00063706,-0.0015041,0.00013024,-0.001484
0.0035933,-1.1695e-06,0.0045831,0.003011,-0.0035926,-0.00070565,0.00042732,-0.0011043,-0.00029308,-0.00069941,-3.3817e-07,0.00042763,-0.0009602,0.0016227,0.00055343
0.0042103,-0.0065632,0.0015815,-0.0049354,8.7145e-05,-0.00036975,-3.2718e-05,-0.0012921,1.359e-05,-0.00052869,-0.0017694,0.0010659,0.00044316,-2.631e-05,1.2159e-05
0.0037158,1.2165e-07,-0.0054947,-0.00012884,-0.0034507,-0.00072415,0.00043881,-0.0011728,0.0003771,-0.00066287,-2.3108e-07,0.00043451,-0.0012002,-0.0014982,0.00052815
0.0042108,0.0065647,0.0015831,-0.004936,8.6262e-05,-0.00014535,0.00036031,-0.0012877,1.3949e-05,-0.00053168,0.0017751,0.0010535,0.00044067,-2.5781e-05,1.2512e-05
0.0045435,2.5191e-07,-0.00061369,0.0023592,0.0038798,-0.0010869,0.0006593,-0.0019951,1.026e-05,-0.0003639,4.6011e-07,0.00064667,-0.0014444,0.00012473,-0.0013761
0.0035812,-1.156e-06,0.0045288,0.0029766,-0.0035306,-0.00068608,0.00041542,-0.0010482,-0.00024102,-0.00070147,-3.2278e-07,0.00041533,-0.00089894,0.0015076,0.00048269
0.0041896,-0.0064771,0.0015543,-0.0048495,8.5643e-05,-0.00028643,-1.0468e-05,-0.0012412,1.2877e-05,-0.00049178,-0.0016283,0.00097445,0.00036735,-2.1501e-05,7.3806e-06
0.0037035,1.218e-07,-0.0054311,-0.0001259,-0.0033916,-0.00070444,0.0004268,-0.001115,0.00032365,-0.00066875,-2.2383e-07,0.00042244,-0.001124,-0.0013922,0.00045889
0.0041901,0.0064786,0.0015559,-0.00485,8.477e-05,-0.00012561,0.00027543,-0.0012373,1.3196e-05,-0.00049457,0.0016335,0.00096308,0.00036504,-2.0981e-05,7.7326e-06
0.0045326,2.473e-07,-0.00060841,0.0023384,0.0038289,-0.0010659,0.0006465,-0.0019356,9.8381e-06,-0.00032977,5.4737e-07,0.00065537,-0.0013868,0.00011941,-0.001273
0.0035693,-1.1433e-06,0.0044761,0.0029434,-0.0034708,-0.00066703,0.00040383,-0.00099421,-0.00019136,-0.00070298,-3.087e-07,0.00040329,-0.00084039,0.0013976,0.00041567
0.0041693,-0.0063938,0.0015282,-0.0047667,8.4268e-05,-0.00020704,1.0648e-05,-0.0011919,1.2188e-05,-0.00045651,-0.0014938,0.00088731,0.00029583,-1.6961e-05,2.8461e-06
0.0036914,1.2174e-07,-0.0053694,-0.00012294,-0.0033345,-0.00068523,0.0004151,-0.0010593,0.00027262,-0.0006739,-2.1718e-07,0.00041062,-0.0010512,-0.0012909,0.00039332
0.0041699,0.0063952,0.0015296,-0.004767,8.3406e-05,-0.00010673,0.00019458,-0.0011887,1.2469e-05,-0.00045912,0.0014986,0.00087696,0.00029369,-1.6452e-05,3.1959e-06
0.0045219,2.4291e-07,-0.0006033,0.0023181,0.0037796,-0.0010453,0.00063394,-0.0018777,9.4289e-06,-0.00029697,6.3071e-07,0.00066321,-0.0013312,0.00011428,-0.0011745
0.0035577,-1.1312e-06,0.004425,0.0029113,-0.0034131,-0.00064849,0.00039255,-0.00094214,-0.000144,-0.00070397,-2.9584e-07,0.00039151,-0.00078444,0.0012925,0.0003522
0.0041496,-0.0063131,0.0015029,-0.0046868,8.301e-05,-0.0001314,3.0681e-05,-0.0011444,1.1521e-05,-0.00042283,-0.0013654,0.00080433,0.00022839,-1.2677e-05,-1.4537e-06
0.0036795,1.2149e-07,-0.0053097,-0.00011998,-0.0032795,-0.00066653,0.00040371,-0.0010056,0.00022392,-0.00067834,-2.1108e-07,0.00039904,-0.0009815,-0.0011942,0.00033127
0.0041501,0.0063145,0.0015044,-0.0046871,8.2159e-05,-8.8665e-05,0.0001176,-0.0011417,1.1768e-05,-0.00042526,0.0013698,0.00079494,0.00022642,-1.2179e-05,-1.1075e-06
0.0045113,2.3871e-07,-0.00059836,0.0022985,0.003732,-0.0010251,0.00062162,-0.0018214,9.0319e-06,-0.00026545,7.1027e-07,0.00067024,-0.0012775,0.00010932,-0.0010805
0.0035462,-1.1197e-06,0.0043754,0.0028802,-0.0033575,-0.00063043,0.00038157,-0.00089195,-9.8824e-05,-0.00070447,-2.8413e-07,0.00037998,-0.00073097,0.0011921,0.0002921
0.0041304,-0.006235,0.0014786,-0.0046097,8.1861e-05,-5.9361e-05,4.968e-05,-0.0010984,1.0877e-05,-0.00039066,-0.0012431,0.00072531,0.00016482,-8.6361e-06,-5.5278e-06
0.0036679,1.2108e-07,-0.0052518,-0.00011701,-0.0032265,-0.00064831,0.00039261,-0.00095381,0.00017744,-0.00068213,-2.055e-07,0.00038771,-0.00091492,-0.0011017,0.00027257
0.0041309,0.0062363,0.00148,-0.0046099,8.1021e-05,-7.1389e-05,4.4303e-05,-0.0010963,1.1091e-05,-0.00039292,0.0012471,0.00071684,0.000163,-8.1495e-06,-5.1862e-06
0.0045009,2.347e-07,-0.00059357,0.0022795,0.0036859,-0.0010053,0.00060954,-0.0017667,8.6469e-06,-0.00023516,7.862e-07,0.00067651,-0.0012255,0.00010453,-0.00099077
0.0035351,-1.1089e-06,0.0043272,0.0028501,-0.0033038,-0.00061285,0.00037088,-0.00084358,-5.5751e-05,-0.00070453,-2.7348e-07,0.00036872,-0.00067987,0.0010961,0.00023522
0.0041116,-0.0061594,0.001455,-0.0045353,8.081e-05,9.2506e-06,6.7693e-05,-0.0010541,1.0255e-05,-0.00035993,-0.0011264,0.00065008,0.00010492,-4.8263e-06,-9.3849e-06
0.0036565,1.205e-07,-0.0051956,-0.00011406,-0.0031753,-0.00063056,0.0003818,-0.00090388,0.00013308,-0.00068532,-2.0039e-07,0.00037663,-0.00085128,-0.0010133,0.00021705
0.0041121,0.0061606,0.0014564,-0.0045354,7.9982e-05,-5.4864e-05,-2.5471e-05,-0.0010524,1.0438e-05,-0.00036203,0.0011301,0.00064249,0.00010325,-4.352e-06,-9.0488e-06
0.0044906,2.3085e-07,-0.00058892,0.0022611,0.0036413,-0.00098589,0.0005977,-0.0017134,8.2734e-06,-0.00020606,8.5864e-07,0.00068207,-0.0011754,9.9913e-05,-0.00090507
0.0035241,-1.0986e-06,0.0042804,0.002821,-0.0032519,-0.00059575,0.00036047,-0.00079696,-1.4688e-05,-0.00070417,-2.6383e-07,0.0003577,-0.00063104,0.0010044,0.00018138
0.0040933,-0.006086,0.0014323,-0.0044634,7.985e-05,7.4581e-05,8.4766e-05,-0.0010112,9.6537e-06,-0.00033059,-0.0010152,0.00057847,4.8501e-05,-1.2358e-06,-1.3033e-05
0.0036453,1.1978e-07,-0.0051411,-0.00011111,-0.0031258,-0.00061328,0.00037128,-0.00085575,9.0768e-05,-0.00068792,-1.9573e-07,0.00036578,-0.00079043,-0.00092886,0.00016455
0.0040938,0.0060872,0.0014337,-0.0044635,7.9034e-05,-3.9061e-05,-9.1876e-05,-0.0010101,9.8073e-06,-0.00033253,0.0010186,0.00057171,4.6968e-05,-7.7426e-07,-1.2704e-05
0.0044805,2.2715e-07,-0.00058442,0.0022432,0.0035981,-0.00096685,0.00058609,-0.0016616,7.9111e-06,-0.00017809,9.2772e-07,0.00068695,-0.001127,9.5454e-05,-0.00082326
0.0035133,-1.0888e-06,0.004235,0.0027928,-0.0032018,-0.0005791,0.00035034,-0.00075203,2.445e-05,-0.00070341,-2.551e-07,0.00034694,-0.00058437,0.0009168,0.00013045
0.0040754,-0.0060149,0.0014104,-0.004394,7.8974e-05,0.00013677,0.00010094,-0.00096986,9.0728e-06,-0.00030256,-0.00090926,0.0005103,-4.6161e-06,2.1465e-06,-1.6482e-05
0.0036343,1.1892e-07,-0.0050882,-0.00010818,-0.0030781,-0.00059646,0.00036103,-0.00080933,5.0402e-05,-0.00068999,-1.9149e-07,0.00035518,-0.00073227,-0.00084818,0.00011492
0.0040759,0.006016,0.0014117,-0.0043941,7.8169e-05,-2.3947e-05,-0.00015506,-0.00096915,9.1993e-06,-0.00030435,0.00091226,0.00050433,-6.0139e-06,2.5948e-06,-1.6159e-05
0.0044705,2.2359e-07,-0.00058006,0.0022258,0.0035563,-0.00094818,0.00057472,-0.0016112,7.5598e-06,-0.00015123,9.9357e-07,0.0006912,-0.0010802,9.1149e-05,-0.00074516
0.0035027,-1.0794e-06,0.0041908,0.0027655,-0.0031534,-0.00056289,0.00034049,-0.00070872,6.1748e-05,-0.00070229,-2.4722e-07,0.00033643,-0.00053976,0.00083311,8.228e-05
0.004058,-0.005946,0.0013892,-0.0043269,7.8173e-05,0.00019597,0.00011626,-0.00092989,8.5117e-06,-0.00027579,-0.00080825,0.00044542,-5.4601e-05,5.3311e-06,-1.9737e-05
0.0036236,1.1794e-07,-0.0050368,-0.00010527,-0.003032,-0.00058008,0.00035105,-0.00076459,1.1904e-05,-0.00069156,-1.8763e-07,0.00034482,-0.00067668,-0.00077111,6.8035e-05
0.0040584,0.005947,0.0013904,-0.0043269,7.7381e-05,-9.4949e-06,-0.00021517,-0.00092961,8.6129e-06,-0.00027745,0.00081094,0.0004402,-5.587e-05,5.7657e-06,-1.9423e-05
0.0044606,2.2017e-07,-0.00057582,0.0022089,0.0035158,-0.00092989,0.00056357,-0.0015622,7.2191e-06,-0.00012542,1.0563e-06,0.00069484,-0.001035,8.6994e-05,-0.00067062
0.0034924,-1.0706e-06,0.0041479,0.002739,-0.0031066,-0.00054713,0.0003309,-0.00066698,9.7284e-05,-0.00070084,-2.4014e-07,0.00032617,-0.00049714,0.00075317,3.6738e-05
0.0040409,-0.0058791,0.0013687,-0.0042621,7.7442e-05,0.0002523,0.00013076,-0.00089128,7.9699e-06,-0.00025023,-0.000712,0.00038368,-0.00010161,8.328e-06,-2.2809e-05
0.003613,1.1686e-07,-0.0049869,-0.00010239,-0.0029875,-0.00056413,0.00034134,-0.00072144,-2.4808e-05,-0.00069265,-1.8413e-07,0.00033469,-0.00062354,-0.00069749,2.3743e-05
0.0040413,0.00588,0.0013699,-0.0042621,7.6663e-05,4.3236e-06,-0.00027234,-0.00089141,8.0474e-06,-0.00025175,0.00071439,0.00037918,-0.00010276,8.7486e-06,-2.2503e-05
0.0044509,2.1687e-07,-0.00057171,0.0021925,0.0034765,-0.00091197,0.00055265,-0.0015145,6.8887e-06,-0.00010064,1.1161e-06,0.00069793,-0.00099137,8.2983e-05,-0.00059947
0.0034822,-1.0621e-06,0.0041061,0.0027133,-0.0030614,-0.00053179,0.00032157,-0.00062676,0.00013113,-0.00069906,-2.338e-07,0.00031615,-0.00045641,0.00067682,-6.3064e-06
0.0040242,-0.0058142,0.0013489,-0.0041994,7.6775e-05,0.00030589,0.00014448,-0.00085399,7.4467e-06,-0.00022582,-0.0006203,0.00032493,-0.00014581,1.1147e-05,-2.5703e-05
0.0036026,1.1568e-07,-0.0049385,-9.9534e-05,-0.0029444,-0.0005486,0.00033189,-0.00067985,-5.9808e-05,-0.0006933,-1.8095e-07,0.00032479,-0.00057274,-0.00062718,-1.8081e-05
0.0040246,0.005815,0.0013501,-0.0041993,7.6008e-05,1.7535e-05,-0.0003267,-0.0008545,7.502e-06,-0.00022721,0.0006224,0.00032111,-0.00014684,1.1553e-05,-2.5406e-05
0.0044413,2.1368e-07,-0.00056771,0.0021765,0.0034384,-0.00089442,0.00054195,-0.0014682,6.5683e-06,-7.683e-05,1.173e-06,0.00070049,-0.00094921,7.9111e-05,-0.00053157
0.0034722,-1.0541e-06,0.0040655,0.0026884,-0.0030176,-0.00051686,0.00031249,-0.000588,0.00016337,-0.000697,-2.2814e-07,0.00030637,-0.00041749,0.0006039,-4.6974e-05
0.0040079,-0.0057511,0.0013297,-0.0041388,7.6165e-05,0.00035685,0.00015745,-0.00081797,6.9416e-06,-0.00020251,-0.00053294,0.00026905,-0.00018733,1.3796e-05,-2.8427e-05
0.0035924,1.144e-07,-0.0048913,-9.6708e-05,-0.0029027,-0.00053348,0.00032268,-0.00063975,-9.317e-05,-0.00069354,-1.7809e-07,0.00031513,-0.00052419,-0.00056003,-5.7558e-05
0.0040083,0.005752,0.0013308,-0.0041386,7.541e-05,3.0164e-05,-0.00037837,-0.00081884,6.9762e-06,-0.00020378,0.00053477,0.00026587,-0.00018825,1.4188e-05,-2.814e-05
0.0044319,2.106e-07,-0.00056382,0.0021609,0.0034014,-0.00087722,0.00053148,-0.0014231,6.2576e-06,-5.3967e-05,1.2272e-06,0.00070255,-0.00090849,7.5374e-05,-0.00046677
0.0034624,-1.0464e-06,0.004026,0.0026642,-0.0029752,-0.00050233,0.00030366,-0.00055064,0.00019406,-0.00069467,-2.2312e-07,0.00029683,-0.00038029,0.00053428,-8.5383e-05
0.0039919,-0.0056899,0.0013111,-0.0040801,7.5607e-05,0.00040532,0.00016972,-0.00078317,6.4541e-06,-0.00018026,-0.00044973,0.00021589,-0.00022632,1.6286e-05,-3.0989e-05
0.0035824,1.1305e-07,-0.0048455,-9.3917e-05,-0.0028624,-0.00051877,0.00031373,-0.00060109,-0.00012496,-0.00069339,-1.755e-07,0.0003057,-0.00047779,-0.00049592,-9.4805e-05
0.0039923,0.0056907,0.0013122,-0.0040799,7.4865e-05,4.2236e-05,-0.00042747,-0.00078439,6.4693e-06,-0.0001814,0.0004513,0.00021333,-0.00022713,1.6663e-05,-3.0711e-05
0.0044226,2.0761e-07,-0.00056004,0.0021458,0.0033656,-0.00086038,0.00052122,-0.0013793,5.9564e-06,-3.2012e-05,1.2787e-06,0.00070415,-0.00086916,7.1766e-05,-0.00040495
0.0034527,-1.0391e-06,0.0039875,0.0026407,-0.0029342,-0.00048821,0.00029507,-0.00051463,0.00022327,-0.00069209,-2.1868e-07,0.00028753,-0.00034475,0.0004678,-0.00012164
0.0039763,-0.0056304,0.0012931,-0.0040233,7.5097e-05,0.00045139,0.00018131,-0.00074956,5.9836e-06,-0.00015901,-0.00037049,0.00016534,-0.00026291,1.8622e-05,-3.3395e-05
0.0035726,1.1163e-07,-0.0048009,-9.1161e-05,-0.0028234,-0.00050445,0.00030501,-0.00056382,-0.00015526,-0.00069289,-1.7318e-07,0.00029649,-0.00043343,-0.00043471,-0.00012993
0.0039767,0.0056311,0.0012942,-0.004023,7.4368e-05,5.3773e-05,-0.00047412,-0.0007511,5.9808e-06,-0.00016004,0.0003718,0.00016336,-0.00026362,1.8985e-05,-3.3127e-05
0.0044134,2.0471e-07,-0.00055636,0.0021311,0.0033307,-0.00084389,0.00051117,-0.0013367,5.6644e-06,-1.0932e-05,1.3276e-06,0.00070531,-0.00083116,6.8284e-05,-0.00034597
0.0034432,-1.0321e-06,0.00395,0.0026178,-0.0028945,-0.00047446,0.00028671,-0.00047994,0.00025107,-0.00068928,-2.1478e-07,0.00027846,-0.00031078,0.00040434,-0.00015586
0.003961,-0.0055726,0.0012757,-0.0039682,7.463e-05,0.00049517,0.00019225,-0.00071709,5.5296e-06,-0.00013873,-0.00029503,0.00011727,-0.00029722,2.0815e-05,-3.5651e-05
0.0035629,1.1015e-07,-0.0047575,-8.8444e-05,-0.0027856,-0.00049052,0.00029653,-0.00052789,-0.00018411,-0.00069204,-1.711e-07,0.00028751,-0.00039104,-0.00037627,-0.00016305
0.0039613,0.0055732,0.0012768,-0.0039679,7.3913e-05,6.4797e-05,-0.00051843,-0.00071894,5.51e-06,-0.00013965,0.00029611,0.00011584,-0.00029783,2.1162e-05,-3.5394e-05
0.0044043,2.0189e-07,-0.00055278,0.0021167,0.0032969,-0.00082774,0.00050134,-0.0012953,5.3813e-06,9.3056e-06,1.3742e-06,0.00070606,-0.00079446,6.4923e-05,-0.00028971
0.0034339,-1.0254e-06,0.0039135,0.0025956,-0.002856,-0.00046109,0.00027858,-0.00044651,0.00027751,-0.00068625,-2.1138e-07,0.00026961,-0.00027833,0.00034377,-0.00018813
0.003946,-0.0055163,0.0012588,-0.0039149,7.4201e-05,0.00053676,0.00020258,-0.00068572,5.0916e-06,-0.00011936,-0.0002232,7.1568e-05,-0.00032937,2.287e-05,-3.7765e-05
0.0035534,1.0861e-07,-0.0047153,-8.5768e-05,-0.002749,-0.00047696,0.00028827,-0.00049325,-0.00021159,-0.00069089,-1.6924e-07,0.00027874,-0.00035053,-0.00032049,-0.00019425
0.0039463,0.0055169,0.0012599,-0.0039146,7.3497e-05,7.533e-05,-0.00056049,-0.00068787,5.0563e-06,-0.00012018,0.00022405,7.0672e-05,-0.00032989,2.3202e-05,-3.7519e-05
0.0043954,1.9915e-07,-0.00054928,0.0021027,0.003264,-0.00081194,0.00049171,-0.001255,5.1069e-06,2.8732e-05,1.4183e-06,0.00070643,-0.00075901,6.168e-05,-0.00023604
0.0034247,-1.0189e-06,0.003878,0.002574,-0.0028187,-0.00044808,0.00027067,-0.00041429,0.00030266,-0.00068303,-2.0845e-07,0.00026099,-0.00024733,0.00028596,-0.00021856
0.0039313,-0.0054616,0.0012425,-0.0038632,7.3807e-05,0.00057626,0.00021233,-0.00065542,4.6691e-06,-0.00010088,-0.00015484,2.8131e-05,-0.00035948,2.4795e-05,-3.9742e-05
0.003544,1.0702e-07,-0.0046742,-8.3133e-05,-0.0027136,-0.00046376,0.00028024,-0.00045986,-0.00023776,-0.00068944,-1.6758e-07,0.0002702,-0.00031182,-0.00026726,-0.00022363
0.0039316,0.0054622,0.0012435,-0.0038628,7.3116e-05,8.5391e-05,-0.00060041,-0.00065784,4.6192e-06,-0.0001016,0.00015547,2.7735e-05,-0.00035991,2.5113e-05,-3.9507e-05
0.0043866,1.9648e-07,-0.00054588,0.002089,0.0032321,-0.00079646,0.00048229,-0.0012159,4.8409e-06,4.7378e-05,1.4603e-06,0.00070645,-0.00072477,5.8549e-05,-0.00018486
0.0034157,-1.0128e-06,0.0038433,0.002553,-0.0027825,-0.00043543,0.00026298,-0.00038324,0.00032657,-0.00067963,-2.0593e-07,0.00025258,-0.0002177,0.00023079,-0.00024723
0.0039169,-0.0054084,0.0012266,-0.003813,7.3445e-05,0.00061376,0.00022151,-0.00062615,4.2616e-06,-8.3244e-05,-8.9774e-05,-1.3147e-05,-0.00038765,2.6597e-05,-4.1589e-05
0.0035348,1.0539e-07,-0.0046341,-8.0541e-05,-0.0026792,-0.00045092,0.00027242,-0.00042767,-0.00026266,-0.00068773,-1.6612e-07,0.00026186,-0.00027482,-0.00021647,-0.00025129
0.0039172,0.0054089,0.0012276,-0.0038126,7.2765e-05,9.5001e-05,-0.00063829,-0.00062883,4.1982e-06,-8.3869e-05,9.0197e-05,-1.3068e-05,-0.00038799,2.6899e-05,-4.1364e-05
0.0043779,1.9387e-07,-0.00054256,0.0020757,0.003201,-0.00078132,0.00047307,-0.0011778,4.5831e-06,6.5272e-05,1.5e-06,0.00070612,-0.0006917,5.5527e-05,-0.00013606
0.0034068,-1.0069e-06,0.0038095,0.0025325,-0.0027474,-0.00042313,0.0002555,-0.00035333,0.0003493,-0.00067607,-2.0381e-07,0.0002444,-0.0001894,0.00017816,-0.00027423
0.0039028,-0.0053565,0.0012112,-0.0037644,7.311e-05,0.00064935,0.00023016,-0.00059787,3.8688e-06,-6.641e-05,-2.7872e-05,-5.2364e-05,-0.00041398,2.8282e-05,-4.331e-05
0.0035258,1.0373e-07,-0.004595,-7.7994e-05,-0.0026458,-0.00043842,0.00026482,-0.00039664,-0.00028636,-0.00068576,-1.6482e-07,0.00025373,-0.00023947,-0.000168,-0.00027731
0.0039031,0.005357,0.0012122,-0.0037639,7.2443e-05,0.00010418,-0.00067421,-0.00060079,3.7927e-06,-6.6944e-05,2.8096e-05,-5.1836e-05,-0.00041424,2.8569e-05,-4.3097e-05
0.0043693,1.9133e-07,-0.00053932,0.0020627,0.0031707,-0.0007665,0.00046405,-0.0011408,4.3333e-06,8.2441e-05,1.5377e-06,0.00070549,-0.00065975,5.2611e-05,-8.9533e-05
0.0033981,-1.0012e-06,0.0037765,0.0025125,-0.0027133,-0.00041116,0.00024822,-0.00032451,0.00037089,-0.00067235,-2.0204e-07,0.00023642,-0.00016236,0.00012795,-0.00029965
0.0038889,-0.005306,0.0011962,-0.0037171,7.2799e-05,0.00068311,0.0002383,-0.00057055,3.49e-06,-5.0347e-05,3.101e-05,-8.9616e-05,-0.00043857,2.9856e-05,-4.4912e-05
0.0035169,1.0204e-07,-0.0045569,-7.5492e-05,-0.0026134,-0.00042626,0.00025742,-0.00036673,-0.0003089,-0.00068356,-1.6368e-07,0.00024581,-0.00020569,-0.00012177,-0.00030177
0.0038893,0.0053065,0.0011972,-0.0037167,7.2145e-05,0.00011294,-0.00070826,-0.0005737,3.4022e-06,-5.0794e-05,-3.0978e-05,-8.866e-05,-0.00043875,3.0128e-05,-4.471e-05
0.0043608,1.8883e-07,-0.00053615,0.0020499,0.0031412,-0.000752,0.00045522,-0.0011048,4.0912e-06,9.8913e-05,1.5734e-06,0.00070456,-0.0006289,4.9796e-05,-4.5181e-05
0.0033895,-9.957e-07,0.0037444,0.002493,-0.0026803,-0.00039952,0.00024115,-0.00029674,0.00039139,-0.0006685,-2.006e-07,0.00022866,-0.00013653,8.0059e-05,-0.00032356
0.0038754,-0.0052568,0.0011817,-0.0036713,7.2511e-05,0.00071513,0.00024596,-0.00054416,3.1249e-06,-3.5021e-05,8.7009e-05,-0.00012499,-0.00046151,3.1325e-05,-4.6401e-05
0.0035081,1.0032e-07,-0.0045197,-7.3037e-05,-0.002582,-0.00041443,0.00025022,-0.0003379,-0.00033033,-0.00068114,-1.6269e-07,0.0002381,-0.00017342,-7.7682e-05,-0.00032475
0.0038757,0.0052573,0.0011826,-0.0036708,7.1868e-05,0.0001213,-0.00074052,-0.00054753,3.0263e-06,-3.5384e-05,-8.7158e-05,-0.00012363,-0.00046162,3.1582e-05,-4.621e-05
0.0043525,1.8639e-07,-0.00053306,0.0020375,0.0031125,-0.00073781,0.00044658,-0.0010699,3.8567e-06,0.00011471,1.6072e-06,0.00070336,-0.00059909,4.7079e-05,-2.9085e-06
0.0033811,-9.9043e-07,0.0037129,0.0024741,-0.0026481,-0.00038821,0.00023427,-0.00026998,0.00041086,-0.00066453,-1.9945e-07,0.0002211,-0.00011186,3.439e-05,-0.00034603
0.003862,-0.0052089,0.0011676,-0.0036267,7.2242e-05,0.00074547,0.00025316,-0.00051866,2.7731e-06,-2.04e-05,0.00014025,-0.00015858,-0.0004829,3.2694e-05,-4.7781e-05
0.0034995,9.8582e-08,-0.0044834,-7.0628e-05,-0.0025515,-0.00040292,0.00024322,-0.00031011,-0.00035071,-0.00067853,-1.6182e-07,0.00023058,-0.00014259,-3.5637e-05,-0.00034632
0.0038624,0.0052093,0.0011685,-0.0036262,7.1611e-05,0.00012928,-0.00077108,-0.00052223,2.6644e-06,-2.0683e-05,-0.00014057,-0.00015683,-0.00048294,3.2937e-05,-4.7601e-05
0.0043442,1.84e-07,-0.00053004,0.0020253,0.0030845,-0.00072393,0.00043813,-0.0010359,3.6294e-06,0.00012987,1.6391e-06,0.0007019,-0.0005703,4.4458e-05,3.7374e-05
0.0033727,-9.8534e-07,0.0036823,0.0024555,-0.0026169,-0.0003772,0.00022758,-0.0002442,0.00042933,-0.00066044,-1.9858e-07,0.00021374,-8.8291e-05,-9.1537e-06,-0.00036715
0.003849,-0.0051621,0.0011539,-0.0035834,7.1989e-05,0.00077422,0.00025992,-0.00049402,2.4341e-06,-6.4534e-06,0.00019086,-0.00019045,-0.0005028,3.3968e-05,-4.9057e-05
0.003491,9.6831e-08,-0.004448,-6.8267e-05,-0.0025218,-0.00039172,0.0002364,-0.00028332,-0.00037008,-0.00067573,-1.6108e-07,0.00022325,-0.00011314,4.4496e-06,-0.00036657
0.0038493,0.0051625,0.0011548,-0.0035829,7.137e-05,0.00013689,-0.0008,-0.00049779,2.3161e-06,-6.6603e-06,-0.00019135,-0.00018834,-0.00050277,3.4197e-05,-4.8888e-05
0.004336,1.8165e-07,-0.00052708,0.0020134,0.0030573,-0.00071035,0.00042987,-0.0010029,3.4093e-06,0.0001444,1.6693e-06,0.00070021,-0.00054249,4.1928e-05,7.5754e-05
0.0033645,-9.8041e-07,0.0036523,0.0024375,-0.0025866,-0.00036649,0.00022107,-0.00021937,0.00044685,-0.00065625,-1.9795e-07,0.00020657,-6.5784e-05,-5.0663e-05,-0.00038697
0.0038361,-0.0051165,0.0011406,-0.0035413,7.1751e-05,0.00080144,0.00026626,-0.00047022,2.1075e-06,6.8483e-06,0.00023896,-0.0002207,-0.00052131,3.5153e-05,-5.0234e-05
0.0034826,9.507e-08,-0.0044134,-6.5953e-05,-0.002493,-0.00038083,0.00022977,-0.00025751,-0.00038848,-0.00067275,-1.6044e-07,0.00021612,-8.5008e-05,4.2661e-05,-0.00038554
0.0038364,0.0051168,0.0011414,-0.0035407,7.1144e-05,0.00014416,-0.00082737,-0.00047417,1.981e-06,6.7143e-06,-0.0002396,-0.00021824,-0.00052122,3.5367e-05,-5.0076e-05
0.004328,1.7934e-07,-0.00052419,0.0020018,0.0030307,-0.00069707,0.00042178,-0.00097076,3.1961e-06,0.00015833,1.6978e-06,0.0006983,-0.00051563,3.9486e-05,0.00011231
0.0033565,-9.7565e-07,0.003623,0.0024198,-0.0025571,-0.00035608,0.00021474,-0.00019545,0.00046346,-0.00065197,-1.9755e-07,0.0001996,-4.429e-05,-9.0224e-05,-0.00040556
0.0038235,-0.005072,0.0011276,-0.0035004,7.1526e-05,0.00082721,0.0002722,-0.00044722,1.793e-06,1.9533e-05,0.00028465,-0.00024938,-0.00053849,3.6253e-05,-5.1317e-05
0.0034744,9.3302e-08,-0.0043796,-6.3688e-05,-0.002465,-0.00037023,0.00022333,-0.00023263,-0.00040594,-0.00066963,-1.599e-07,0.00020917,-5.8139e-05,7.9078e-05,-0.00040331
0.0038238,0.0050722,0.0011284,-0.0034998,7.093e-05,0.00015108,-0.00085324,-0.00045135,1.6585e-06,1.9469e-05,-0.00028544,-0.0002466,-0.00053834,3.6453e-05,-5.117e-05
0.00432,1.7707e-07,-0.00052136,0.0019904,0.0030047,-0.00068408,0.00041387,-0.00093956,2.9896e-06,0.00017168,1.7247e-06,0.00069618,-0.00048969,3.713e-05,0.00014713
0.0033485,-9.7103e-07,0.0035944,0.0024026,-0.0025284,-0.00034596,0.00020859,-0.00017241,0.0004792,-0.0006476,-1.9735e-07,0.00019282,-2.3766e-05,-0.00012792,-0.00042298
0.0038111,-0.0050285,0.0011149,-0.0034605,7.1311e-05,0.00085157,0.00027776,-0.00042501,1.4901e-06,3.1627e-05,0.00032804,-0.00027659,-0.00055441,3.7273e-05,-5.231e-05
0.0034663,9.1531e-08,-0.0043466,-6.147e-05,-0.0024377,-0.00035992,0.00021706,-0.00020866,-0.00042253,-0.00066635,-1.5945e-07,0.00020241,-3.2478e-05,0.00011378,-0.00041994
0.0038113,0.0050287,0.0011157,-0.0034599,7.0726e-05,0.00015768,-0.00087769,-0.00042929,1.3484e-06,3.163e-05,-0.00032898,-0.0002735,-0.0005542,3.7459e-05,-5.2174e-05
0.0043122,1.7484e-07,-0.00051858,0.0019792,0.0029794,-0.00067137,0.00040614,-0.00090924,2.7896e-06,0.00018448,1.75e-06,0.00069388,-0.00046463,3.4856e-05,0.00018028
0.0033407,-9.6654e-07,0.0035664,0.0023857,-0.0025004,-0.00033612,0.00020261,-0.00015021,0.00049411,-0.00064316,-1.9734e-07,0.00018622,-4.1697e-06,-0.00016383,-0.0004393
0.0037989,-0.004986,0.0011026,-0.0034217,7.1105e-05,0.00087461,0.00028296,-0.00040354,1.1985e-06,4.3157e-05,0.00036924,-0.00030238,-0.00056915,3.8216e-05,-5.3218e-05
0.0034582,8.976e-08,-0.0043143,-5.93e-05,-0.0024112,-0.00034989,0.00021096,-0.00018555,-0.00043826,-0.00066295,-1.5908e-07,0.00019583,-7.9749e-06,0.00014683,-0.00043549
0.0037991,0.0049863,0.0011034,-0.0034211,7.0532e-05,0.00016397,-0.00090079,-0.00040798,1.0501e-06,4.3223e-05,-0.00037032,-0.00029899,-0.00056889,3.8388e-05,-5.3092e-05
0.0043044,1.7264e-07,-0.00051586,0.0019682,0.0029546,-0.00065894,0.00039858,-0.00087976,2.5959e-06,0.00019674,1.7738e-06,0.0006914,-0.00044043,3.2662e-05,0.00021184
0.0033329,-9.6219e-07,0.0035391,0.0023692,-0.0024732,-0.00032655,0.00019679,-0.00012884,0.00050822,-0.00063866,-1.9748e-07,0.0001798,1.4539e-05,-0.00019804,-0.00045456
0.0037869,-0.0049446,0.0010907,-0.0033839,7.0907e-05,0.00089637,0.00028781,-0.0003828,9.1786e-07,5.4146e-05,0.00040835,-0.00032681,-0.00058277,3.9088e-05,-5.4045e-05
0.0034504,8.7993e-08,-0.0042827,-5.7177e-05,-0.0023853,-0.00034014,0.00020502,-0.00016329,-0.00045318,-0.00065942,-1.5877e-07,0.00018942,1.5421e-05,0.00017831,-0.00045001
0.0037871,0.0049447,0.0010914,-0.0033832,7.0344e-05,0.00016996,-0.00092258,-0.00038738,7.633e-07,5.4273e-05,-0.00040956,-0.00032315,-0.00058245,3.9246e-05,-5.393e-05
0.0042967,1.7047e-07,-0.00051319,0.0019575,0.0029305,-0.00064679,0.00039118,-0.00085112,2.4085e-06,0.00020848,1.7962e-06,0.00068875,-0.00041705,3.0545e-05,0.00024188
0.0033253,-9.5794e-07,0.0035123,0.002353,-0.0024467,-0.00031724,0.00019114,-0.00010825,0.00052157,-0.0006341,-1.9778e-07,0.00017356,3.2398e-05,-0.00023061,-0.00046882
0.0037751,-0.004904,0.001079,-0.0033471,7.0714e-05,0.00091691,0.00029234,-0.00036276,6.4779e-07,6.4618e-05,0.00044546,-0.00034995,-0.00059533,3.9891e-05,-5.4794e-05
0.0034426,8.6233e-08,-0.0042518,-5.5103e-05,-0.0023601,-0.00033065,0.00019925,-0.00014184,-0.00046732,-0.00065579,-1.5853e-07,0.00018319,3.7757e-05,0.00020829,-0.00046356
0.0037753,0.0049042,0.0010797,-0.0033464,7.0162e-05,0.00017566,-0.00094313,-0.00036747,4.876e-07,6.4803e-05,-0.00044679,-0.00034603,-0.00059496,4.0035e-05,-5.4689e-05
0.0042891,1.6833e-07,-0.00051058,0.001947,0.0029068,-0.0006349,0.00038395,-0.00082328,2.227e-06,0.00021973,1.8172e-06,0.00068596,-0.00039448,2.8503e-05,0.00027046
0.0033178,-9.5381e-07,0.0034861,0.0023372,-0.0024208,-0.00030819,0.00018564,-8.8422e-05,0.0005342,-0.0006295,-1.982e-07,0.00016749,4.9444e-05,-0.00026162,-0.00048213
0.0037634,-0.0048643,0.0010676,-0.0033112,7.0526e-05,0.00093629,0.00029656,-0.0003434,3.8796e-07,7.4595e-05,0.00048065,-0.00037187,-0.00060688,4.0629e-05,-5.547e-05
0.0034349,8.4481e-08,-0.0042215,-5.3075e-05,-0.0023356,-0.00032142,0.00019364,-0.00012117,-0.00048072,-0.00065205,-1.5835e-07,0.00017712,5.9078e-05,0.00023682,-0.00047617
0.0037637,0.0048645,0.0010683,-0.0033105,6.9985e-05,0.00018109,-0.0009625,-0.00034823,2.2263e-07,7.4835e-05,-0.0004821,-0.00036769,-0.00060646,4.0761e-05,-5.5375e-05
0.0042816,1.6621e-07,-0.00050801,0.0019366,0.0028837,-0.00062328,0.00037688,-0.00079622,2.0513e-06,0.0002305,1.8369e-06,0.00068303,-0.00037267,2.6532e-05,0.00029764
0.0033103,-9.4977e-07,0.0034604,0.0023217,-0.0023956,-0.00029939,0.00018029,-6.933e-05,0.00054612,-0.00062485,-1.9874e-07,0.00016159,6.5712e-05,-0.00029113,-0.00049453
0.003752,-0.0048256,0.0010565,-0.0032761,7.0342e-05,0.00095455,0.00030047,-0.00032469,1.3803e-07,8.4099e-05,0.00051402,-0.0003926,-0.00061748,4.1306e-05,-5.6076e-05
0.0034273,8.2741e-08,-0.0041918,-5.1094e-05,-0.0023117,-0.00031244,0.00018818,-0.00010125,-0.0004934,-0.00064823,-1.5821e-07,0.00017122,7.9428e-05,0.00026398,-0.00048791
0.0037523,0.0048257,0.0010572,-0.0032754,6.9811e-05,0.00018625,-0.00098073,-0.00032964,-3.1981e-08,8.4392e-05,-0.00051558,-0.0003882,-0.00061702,4.1425e-05,-5.5991e-05
0.0042742,1.6412e-07,-0.00050548,0.0019264,0.0028611,-0.00061192,0.00036997,-0.00076993,1.8813e-06,0.0002408,1.8553e-06,0.00067997,-0.00035161,2.463e-05,0.00032349
0.003303,-9.4582e-07,0.0034352,0.0023066,-0.002371,-0.00029084,0.00017509,-5.0946e-05,0.00055738,-0.00062016,-1.9938e-07,0.00015585,8.1235e-05,-0.0003192,-0.00050608
0.0037407,-0.0047876,0.0010456,-0.003242,7.016e-05,0.00097175,0.00030411,-0.00030662,-1.023e-07,9.315e-05,0.00054564,-0.00041222,-0.00062718,4.1925e-05,-5.6615e-05
0.0034198,8.1015e-08,-0.0041628,-4.916e-05,-0.0022883,-0.00030371,0.00018287,-8.2068e-05,-0.00050541,-0.00064432,-1.5812e-07,0.00016548,9.8847e-05,0.00028981,-0.00049882
0.003741,0.0047877,0.0010463,-0.0032413,6.9639e-05,0.00019116,-0.00099788,-0.00031168,-2.7657e-07,9.3494e-05,-0.00054731,-0.00040759,-0.00062668,4.2032e-05,-5.6541e-05
0.0042669,1.6206e-07,-0.000503,0.0019165,0.002839,-0.00060081,0.00036321,-0.00074438,1.7168e-06,0.00025066,1.8726e-06,0.0006768,-0.00033127,2.2795e-05,0.00034807
0.0032958,-9.4195e-07,0.0034106,0.0022917,-0.0023471,-0.00028252,0.00017004,-3.3245e-05,0.000568,-0.00061545,-2.001e-07,0.00015028,9.6044e-05,-0.00034591,-0.00051682
0.0037296,-0.0047504,0.0010351,-0.0032086,6.998e-05,0.00098794,0.00030748,-0.00028915,-3.3336e-07,0.00010177,0.0005756,-0.00043076,-0.00063604,4.249e-05,-5.7092e-05
0.0034124,7.9304e-08,-0.0041343,-4.7272e-05,-0.0022656,-0.00029521,0.00017771,-6.3587e-05,-0.00051676,-0.00064033,-1.5806e-07,0.0001599,0.00011738,0.00031438,-0.00050894
0.0037299,0.0047505,0.0010357,-0.0032079,6.9469e-05,0.00019583,-0.001014,-0.00029431,-5.1148e-07,0.00010216,-0.00057737,-0.00042593,-0.00063549,4.2584e-05,-5.7027e-05
0.0042597,1.6002e-07,-0.00050056,0.0019067,0.0028173,-0.00058995,0.0003566,-0.00071955,1.5577e-06,0.0002601,1.8886e-06,0.00067352,-0.00031162,2.1025e-05,0.00037142
0.0032886,-9.3816e-07,0.0033864,0.0022771,-0.0023236,-0.00027443,0.00016512,-1.6204e-05,0.00057801,-0.00061071,-2.0091e-07,0.00014486,0.00011017,-0.0003713,-0.00052679
0.0037187,-0.004714,0.0010247,-0.0031761,6.98e-05,0.0010031,0.00031059,-0.00027227,-5.5543e-07,0.00010997,0.00060396,-0.00044829,-0.00064409,4.3003e-05,-5.751e-05
0.0034052,7.761e-08,-0.0041064,-4.5429e-05,-0.0022433,-0.00028695,0.00017268,-4.5784e-05,-0.00052749,-0.00063629,-1.5803e-07,0.00015447,0.00013505,0.00033775,-0.00051831
0.003719,0.0047141,0.0010254,-0.0031753,6.9299e-05,0.00020027,-0.0010291,-0.00027753,-7.3704e-07,0.00011041,-0.00060583,-0.00044325,-0.0006435,4.3084e-05,-5.7454e-05
0.0042525,1.58e-07,-0.00049817,0.001897,0.0027961,-0.00057932,0.00035014,-0.00069542,1.4037e-06,0.00026912,1.9036e-06,0.00067014,-0.00029265,1.9317e-05,0.00039361
0.0032816,-9.3445e-07,0.0033627,0.0022628,-0.0023008,-0.00026657,0.00016034,2.0018e-07,0.00058744,-0.00060595,-2.0177e-07,0.00013959,0.00012364,-0.00039544,-0.00053602
0.0037079,-0.0046784,0.0010146,-0.0031442,6.962e-05,0.0010174,0.00031345,-0.00025597,-7.6883e-07,0.00011777,0.00063081,-0.00046484,-0.00065138,4.3466e-05,-5.787e-05
0.003398,7.5936e-08,-0.004079,-4.3631e-05,-0.0022216,-0.00027891,0.0001678,-2.8638e-05,-0.00053762,-0.00063218,-1.5803e-07,0.0001492,0.00015191,0.00035995,-0.00052696
0.0037082,0.0046784,0.0010153,-0.0031435,6.9129e-05,0.00020448,-0.0010433,-0.00026131,-9.5356e-07,0.00011826,-0.00063277,-0.00045962,-0.00065076,4.3536e-05,-5.7824e-05
0.0042454,1.56e-07,-0.00049581,0.0018875,0.0027753,-0.00056894,0.00034383,-0.00067197,1.2548e-06,0.00027774,1.9175e-06,0.00066667,-0.00027432,1.767e-05,0.00041468
0.0032746,-9.3079e-07,0.0033395,0.0022487,-0.0022784,-0.00025892,0.0001557,1.5991e-05,0.00059631,-0.00060118,-2.027e-07,0.00013448,0.00013649,-0.00041837,-0.00054456
0.0036973,-0.0046434,0.0010047,-0.0031131,6.9439e-05,0.0010308,0.00031609,-0.00024021,-9.7382e-07,0.0001252,0.0006562,-0.00048046,-0.00065796,4.3884e-05,-5.8178e-05
0.0033908,7.4282e-08,-0.0040521,-4.1876e-05,-0.0022004,-0.0002711,0.00016304,-1.2124e-05,-0.00054718,-0.00062802,-1.5805e-07,0.00014407,0.00016799,0.00038105,-0.00053495
0.0036976,0.0046434,0.0010054,-0.0031124,6.8957e-05,0.00020847,-0.0010566,-0.00024564,-1.1613e-06,0.00012572,-0.00065825,-0.00047506,-0.00065731,4.3941e-05,-5.814e-05
0.0042384,1.5401e-07,-0.00049348,0.0018782,0.0027549,-0.00055879,0.00033765,-0.00064919,1.1107e-06,0.00028598,1.9303e-06,0.00066313,-0.00025663,1.608e-05,0.00043468
0.0032677,-9.2719e-07,0.0033167,0.0022349,-0.0022566,-0.00025149,0.00015118,3.1189e-05,0.00060465,-0.00059639,-2.0366e-07,0.00012951,0.00014874,-0.00044015,-0.00055244
0.0036869,-0.0046091,0.00099509,-0.0030827,6.9257e-05,0.0010434,0.00031851,-0.00022499,-1.1707e-06,0.00013226,0.00068021,-0.00049519,-0.00066387,4.4257e-05,-5.8434e-05
0.0033838,7.2649e-08,-0.0040258,-4.0165e-05,-0.0021796,-0.00026349,0.00015842,3.78e-06,-0.00055619,-0.00062381,-1.5809e-07,0.00013908,0.00018332,0.00040108,-0.00054229
0.0036871,0.0046091,0.0009957,-0.0030819,6.8784e-05,0.00021226,-0.001069,-0.00023049,-1.3607e-06,0.00013283,-0.00068234,-0.00048963,-0.00066318,4.4304e-05,-5.8406e-05
0.0042315,1.5205e-07,-0.0004912,0.001869,0.0027349,-0.00054886,0.00033162,-0.00062705,9.7148e-07,0.00029386,1.9422e-06,0.00065951,-0.00023953,1.4547e-05,0.00045366
0.0032609,-9.2365e-07,0.0032943,0.0022214,-0.0022352,-0.00024426,0.00014679,4.5815e-05,0.00061248,-0.00059161,-2.0466e-07,0.00012468,0.00016042,-0.00046084,-0.0005597
0.0036765,-0.0045755,0.00098564,-0.003053,6.9073e-05,0.0010551,0.00032071,-0.00021028,-1.3597e-06,0.00013897,0.0007029,-0.00050908,-0.00066913,4.4589e-05,-5.8643e-05
0.0033769,7.104e-08,-0.0039999,-3.8497e-05,-0.0021593,-0.0002561,0.00015393,1.9094e-05,-0.00056468,-0.00061957,-1.5814e-07,0.00013423,0.00019793,0.00042011,-0.00054904
0.0036767,0.0045755,0.00098624,-0.0030522,6.8609e-05,0.00021585,-0.0010806,-0.00021585,-1.5519e-06,0.00013958,-0.00070511,-0.00050336,-0.00066841,4.4625e-05,-5.8623e-05
0.0042246,1.5011e-07,-0.00048894,0.0018599,0.0027153,-0.00053916,0.00032572,-0.00060553,8.3686e-07,0.00030137,1.9532e-06,0.00065583,-0.00022303,1.3068e-05,0.00047167
0.0032542,-9.2015e-07,0.0032723,0.0022081,-0.0022143,-0.00023723,0.00014252,5.9889e-05,0.00061982,-0.00058682,-2.0569e-07,0.00012,0.00017154,-0.00048047,-0.00056636
0.0036663,-0.0045425,0.00097639,-0.0030239,6.8886e-05,0.0010661,0.00032272,-0.00019606,-1.5411e-06,0.00014535,0.00072432,-0.00052216,-0.0006738,4.4882e-05,-5.8806e-05
0.00337,6.9455e-08,-0.0039744,-3.6871e-05,-0.0021395,-0.0002489,0.00014956,3.3839e-05,-0.00057268,-0.00061529,-1.582e-07,0.00012952,0.00021186,0.00043816,-0.0005552
0.0036665,0.0045425,0.00097698,-0.0030231,6.8431e-05,0.00021925,-0.0010914,-0.0002017,-1.7353e-06,0.00014599,-0.0007266,-0.0005163,-0.00067304,4.4907e-05,-5.8795e-05
0.0042178,1.4818e-07,-0.00048672,0.001851,0.002696,-0.00052968,0.00031995,-0.00058462,7.0673e-07,0.00030855,1.9632e-06,0.00065208,-0.00020709,1.1642e-05,0.00048874
0.0032476,-9.167e-07,0.0032507,0.002195,-0.0021939,-0.00023039,0.00013837,7.3431e-05,0.0006267,-0.00058204,-2.0675e-07,0.00011544,0.00018214,-0.00049909,-0.00057246
0.0036563,-0.0045101,0.00096734,-0.0029954,6.8697e-05,0.0010763,0.00032454,-0.00018233,-1.7152e-06,0.00015142,0.00074453,-0.00053447,-0.00067789,4.5139e-05,-5.8927e-05
0.0033632,6.7895e-08,-0.0039494,-3.5286e-05,-0.0021201,-0.00024191,0.00014531,4.8036e-05,-0.00058019,-0.00061098,-1.5826e-07,0.00012495,0.00022512,0.00045529,-0.00056083
0.0036565,0.0045101,0.00096792,-0.0029946,6.825e-05,0.00022246,-0.0011015,-0.00018803,-1.911e-06,0.00015209,-0.00074689,-0.00052847,-0.00067711,4.5152e-05,-5.8924e-05
0.0042111,1.4627e-07,-0.00048453,0.0018422,0.0026771,-0.0005204,0.00031431,-0.00056431,5.8097e-07,0.00031539,1.9724e-06,0.00064829,-0.0001917,1.0266e-05,0.00050491
0.003241,-9.1329e-07,0.0032295,0.0021821,-0.0021739,-0.00022374,0.00013433,8.646e-05,0.00063313,-0.00057726,-2.0781e-07,0.00011102,0.00019224,-0.00051675,-0.00057802
0.0036463,-0.0044783,0.00095847,-0.0029675,6.8504e-05,0.0010858,0.00032618,-0.00016906,-1.8821e-06,0.00015717,0.00076359,-0.00054604,-0.00068146,4.536e-05,-5.9007e-05
0.0033565,6.636e-08,-0.0039249,-3.3741e-05,-0.002101,-0.0002351,0.00014117,6.1702e-05,-0.00058725,-0.00060665,-1.5833e-07,0.0001205,0.00023776,0.00047152,-0.00056594
0.0036465,0.0044783,0.00095904,-0.0029667,6.8065e-05,0.0002255,-0.0011108,-0.00017481,-2.0794e-06,0.00015788,-0.00076601,-0.00053991,-0.00068064,4.5363e-05,-5.9012e-05
0.0042044,1.4437e-07,-0.00048237,0.0018336,0.0026585,-0.00051134,0.0003088,-0.00054456,4.5946e-07,0.00032192,1.9808e-06,0.00064445,-0.00017684,8.9395e-06,0.00052023
0.0032345,-9.0991e-07,0.0032087,0.0021694,-0.0021543,-0.00021728,0.00013041,9.8992e-05,0.00063914,-0.00057249,-2.0888e-07,0.00010673,0.00020185,-0.00053348,-0.00058308
0.0036365,-0.0044471,0.00094978,-0.0029402,6.8307e-05,0.0010946,0.00032765,-0.00015623,-2.0422e-06,0.00016264,0.00078155,-0.00055691,-0.00068451,4.5548e-05,-5.905e-05
0.0033499,6.4853e-08,-0.0039007,-3.2236e-05,-0.0020824,-0.00022848,0.00013715,7.4857e-05,-0.00059386,-0.0006023,-1.584e-07,0.00011618,0.0002498,0.00048691,-0.00057056
0.0036367,0.004447,0.00095034,-0.0029393,6.7877e-05,0.00022837,-0.0011195,-0.00016204,-2.2407e-06,0.00016337,-0.00078404,-0.00055067,-0.00068367,4.5542e-05,-5.9062e-05
0.0041978,1.4249e-07,-0.00048024,0.001825,0.0026402,-0.00050248,0.00030341,-0.00052538,3.4208e-07,0.00032814,1.9883e-06,0.00064057,-0.00016248,7.6598e-06,0.00053473
0.0032281,-9.0657e-07,0.0031882,0.0021569,-0.0021351,-0.000211,0.00012659,0.00011105,0.00064474,-0.00056773,-2.0995e-07,0.00010257,0.000211,-0.00054933,-0.00058766
0.0036268,-0.0044164,0.00094126,-0.0029134,6.8107e-05,0.0011028,0.00032896,-0.00014384,-2.1957e-06,0.00016782,0.00079846,-0.00056711,-0.00068709,4.5706e-05,-5.9056e-05
0.0033433,6.3372e-08,-0.0038769,-3.0769e-05,-0.0020642,-0.00022204,0.00013324,8.7517e-05,-0.00060007,-0.00059794,-1.5847e-07,0.00011198,0.00026125,0.00050149,-0.00057473
0.003627,0.0044163,0.00094181,-0.0029125,6.7685e-05,0.00023108,-0.0011275,-0.00014969,-2.3952e-06,0.00016859,-0.00080101,-0.00056076,-0.00068623,4.5689e-05,-5.9076e-05
0.0041913,1.4063e-07,-0.00047813,0.0018166,0.0026223,-0.00049381,0.00029815,-0.00050674,2.287e-07,0.00033407,1.9952e-06,0.00063666,-0.00014863,6.4258e-06,0.00054845
0.0032217,-9.0325e-07,0.003168,0.0021446,-0.0021162,-0.00020489,0.00012288,0.00012264,0.00064995,-0.00056299,-2.1102e-07,9.8524e-05,0.00021971,-0.00056434,-0.00059179
0.0036173,-0.0043863,0.00093291,-0.0028871,6.7903e-05,0.0011104,0.00033012,-0.00013187,-2.3427e-06,0.00017274,0.00081437,-0.00057668,-0.00068922,4.5834e-05,-5.9029e-05
0.0033368,6.1919e-08,-0.0038536,-2.934e-05,-0.0020463,-0.00021578,0.00012943,9.9701e-05,-0.00060587,-0.00059356,-1.5853e-07,0.00010791,0.00027216,0.00051528,-0.00057845
0.0036175,0.0043861,0.00093344,-0.0028862,6.7488e-05,0.00023363,-0.0011349,-0.00013776,-2.5431e-06,0.00017353,-0.00081697,-0.00057022,-0.00068834,4.5808e-05,-5.9056e-05
0.0041848,1.3878e-07,-0.00047605,0.0018083,0.0026046,-0.00048535,0.000293,-0.00048863,1.1922e-07,0.00033971,2.0013e-06,0.00063271,-0.00013524,5.2358e-06,0.00056142
0.0032154,-8.9997e-07,0.0031482,0.0021325,-0.0020978,-0.00019894,0.00011927,0.00013379,0.00065478,-0.00055826,-2.1208e-07,9.4599e-05,0.00022799,-0.00057854,-0.00059549
0.0036078,-0.0043566,0.00092471,-0.0028613,6.7694e-05,0.0011174,0.00033113,-0.0001203,-2.4836e-06,0.0001774,0.00082932,-0.00058564,-0.00069093,4.5935e-05,-5.897e-05
0.0033304,6.0494e-08,-0.0038305,-2.7949e-05,-0.0020287,-0.00020968,0.00012573,0.00011142,-0.00061128,-0.00058918,-1.5859e-07,0.00010395,0.00028253,0.00052834,-0.00058177
0.003608,0.0043564,0.00092523,-0.0028605,6.7287e-05,0.00023603,-0.0011417,-0.00012623,-2.6846e-06,0.00017822,-0.00083197,-0.00057907,-0.00069002,4.5899e-05,-5.9004e-05
0.0041784,1.3695e-07,-0.000474,0.0018001,0.0025873,-0.00047707,0.00028797,-0.00047103,1.3511e-08,0.00034508,2.0067e-06,0.00062875,-0.00012232,4.0884e-06,0.00057368
0.0032092,-8.967e-07,0.0031287,0.0021206,-0.0020797,-0.00019316,0.00011576,0.0001445,0.00065927,-0.00055355,-2.1313e-07,9.079e-05,0.00023587,-0.00059197,-0.00059877
0.0035984,-0.0043274,0.00091667,-0.0028361,6.7482e-05,0.0011238,0.000332,-0.00010912,-2.6184e-06,0.00018181,0.00084335,-0.00059401,-0.00069224,4.6009e-05,-5.8882e-05
0.003324,5.9098e-08,-0.0038079,-2.6593e-05,-0.0020115,-0.00020376,0.00012213,0.0001227,-0.00061634,-0.00058479,-1.5864e-07,0.0001001,0.0002924,0.00054068,-0.00058469
0.0035986,0.0043273,0.00091718,-0.0028352,6.7082e-05,0.00023829,-0.0011479,-0.00011509,-2.8199e-06,0.00018266,-0.00084606,-0.00058736,-0.00069132,4.5965e-05,-5.8922e-05
0.0041721,1.3513e-07,-0.00047197,0.0017919,0.0025702,-0.00046897,0.00028305,-0.00045392,-8.852e-08,0.00035019,2.0115e-06,0.00062476,-0.00010985,2.982e-06,0.00058525
0.003203,-8.9345e-07,0.0031095,0.0021088,-0.0020619,-0.00018754,0.00011235,0.0001548,0.00066341,-0.00054887,-2.1416e-07,8.7094e-05,0.00024336,-0.00060465,-0.00060168
0.0035892,-0.0042987,0.00090877,-0.0028112,6.7264e-05,0.0011297,0.00033274,-9.8315e-05,-2.7475e-06,0.00018599,0.00085652,-0.00060183,-0.00069318,4.6059e-05,-5.8765e-05
0.0033177,5.7731e-08,-0.0037856,-2.5273e-05,-0.0019946,-0.00019799,0.00011863,0.00013356,-0.00062104,-0.0005804,-1.5868e-07,9.6369e-05,0.00030177,0.00055234,-0.00058724
0.0035894,0.0042985,0.00090927,-0.0028104,6.6872e-05,0.00024041,-0.0011536,-0.00010431,-2.9494e-06,0.00018686,-0.00085927,-0.00059509,-0.00069223,4.6007e-05,-5.8812e-05
0.0041658,1.3332e-07,-0.00046996,0.0017839,0.0025534,-0.00046106,0.00027824,-0.0004373,-1.8699e-07,0.00035504,2.0156e-06,0.00062075,-9.7804e-05,1.9153e-06,0.00059616
0.0031969,-8.9022e-07,0.0030905,0.0020972,-0.0020444,-0.00018208,0.00010903,0.00016471,0.00066723,-0.00054421,-2.1517e-07,8.3507e-05,0.00025048,-0.00061663,-0.00060422
0.0035801,-0.0042705,0.00090102,-0.0027869,6.7042e-05,0.0011351,0.00033335,-8.7877e-05,-2.871e-06,0.00018994,0.00086885,-0.00060912,-0.00069377,4.6086e-05,-5.8622e-05
0.0033115,5.6392e-08,-0.0037636,-2.3987e-05,-0.001978,-0.00019238,0.00011522,0.00014399,-0.00062541,-0.00057601,-1.5871e-07,9.2744e-05,0.00031069,0.00056335,-0.00058945
0.0035802,0.0042703,0.00090151,-0.002786,6.6657e-05,0.00024239,-0.0011587,-9.3904e-05,-3.073e-06,0.00019084,-0.00087165,-0.00060231,-0.0006928,4.6025e-05,-5.8676e-05
0.0041595,1.3153e-07,-0.00046798,0.001776,0.0025368,-0.00045332,0.00027354,-0.00042115,-2.8199e-07,0.00035965,2.0191e-06,0.00061673,-8.6175e-05,8.8698e-07,0.00060645
0.0031909,-8.8701e-07,0.0030719,0.0020858,-0.0020273,-0.00017676,0.00010581,0.00017422,0.00067074,-0.00053957,-2.1615e-07,8.0027e-05,0.00025723,-0.00062794,-0.00060641
0.003571,-0.0042426,0.0008934,-0.0027629,6.6816e-05,0.0011399,0.00033385,-7.7791e-05,-2.9891e-06,0.00019368,0.00088038,-0.00061591,-0.00069402,4.6092e-05,-5.8455e-05
0.0033053,5.5083e-08,-0.0037419,-2.2735e-05,-0.0019617,-0.00018693,0.00011191,0.00015403,-0.00062946,-0.00057163,-1.5872e-07,8.9225e-05,0.00031915,0.00057374,-0.00059132
0.0035712,0.0042424,0.00089388,-0.002762,6.6437e-05,0.00024425,-0.0011634,-8.3843e-05,-3.1912e-06,0.0001946,-0.00088323,-0.00060902,-0.00069304,4.6022e-05,-5.8515e-05
0.0041533,1.2975e-07,-0.00046602,0.0017682,0.0025205,-0.00044576,0.00026894,-0.00040546,-3.7362e-07,0.00036402,2.0221e-06,0.0006127,-7.4948e-05,-1.0436e-07,0.00061614
0.0031849,-8.8381e-07,0.0030535,0.0020745,-0.0020105,-0.00017159,0.00010267,0.00018336,0.00067396,-0.00053496,-2.1711e-07,7.6651e-05,0.00026365,-0.00063859,-0.00060827
0.0035621,-0.0042152,0.00088591,-0.0027394,6.6585e-05,0.0011443,0.00033423,-6.8046e-05,-3.1019e-06,0.00019722,0.00089116,-0.00062222,-0.00069397,4.6077e-05,-5.8264e-05
0.0032992,5.3803e-08,-0.0037206,-2.1516e-05,-0.0019457,-0.00018162,0.00010868,0.00016368,-0.0006332,-0.00056726,-1.5872e-07,8.5809e-05,0.00032719,0.00058353,-0.00059288
0.0035622,0.004215,0.00088638,-0.0027385,6.6213e-05,0.00024599,-0.0011676,-7.412e-05,-3.304e-06,0.00019815,-0.00089404,-0.00061526,-0.00069297,4.6e-05,-5.833e-05
0.0041472,1.2798e-07,-0.00046408,0.0017604,0.0025044,-0.00043836,0.00026445,-0.00039021,-4.6199e-07,0.00036817,2.0245e-06,0.00060867,-6.411e-05,-1.06e-06,0.00062526
0.003179,-8.8063e-07,0.0030354,0.0020634,-0.001994,-0.00016657,9.9619e-05,0.00019214,0.00067689,-0.00053038,-2.1804e-07,7.3376e-05,0.00026974,-0.00064863,-0.00060983
0.0035532,-0.0041882,0.00087855,-0.0027163,6.6349e-05,0.0011483,0.00033451,-5.863e-05,-3.2097e-06,0.00020055,0.00090122,-0.00062807,-0.00069362,4.6043e-05,-5.8052e-05
0.0032931,5.2553e-08,-0.0036995,-2.0328e-05,-0.00193,-0.00017645,0.00010555,0.00017296,-0.00063665,-0.0005629,-1.5871e-07,8.2493e-05,0.00033482,0.00059275,-0.00059415
0.0035534,0.004188,0.00087901,-0.0027154,6.5983e-05,0.00024761,-0.0011713,-6.4722e-05,-3.4116e-06,0.00020151,-0.00090413,-0.00062105,-0.0006926,4.5958e-05,-5.8124e-05
0.0041411,1.2623e-07,-0.00046216,0.0017528,0.0024886,-0.00043113,0.00026005,-0.0003754,-5.4719e-07,0.00037209,2.0263e-06,0.00060463,-5.3648e-05,-1.981e-06,0.00063382
0.0031731,-8.7745e-07,0.0030176,0.0020524,-0.0019777,-0.00016167,9.6651e-05,0.00020058,0.00067955,-0.00052583,-2.1893e-07,7.02e-05,0.00027552,-0.00065807,-0.00061109
0.0035444,-0.0041616,0.00087131,-0.0026935,6.6109e-05,0.0011518,0.00033469,-4.9531e-05,-3.3127e-06,0.0002037,0.00091058,-0.00063348,-0.000693,4.5991e-05,-5.7821e-05
0.0032871,5.1331e-08,-0.0036787,-1.9172e-05,-0.0019145,-0.00017143,0.0001025,0.00018188,-0.00063982,-0.00055855,-1.5868e-07,7.9274e-05,0.00034205,0.00060143,-0.00059513
0.0035446,0.0041614,0.00087176,-0.0026926,6.575e-05,0.00024912,-0.0011747,-5.564e-05,-3.5143e-06,0.00020468,-0.00091353,-0.0006264,-0.00069197,4.5898e-05,-5.7898e-05
0.0041351,1.2449e-07,-0.00046025,0.0017452,0.0024729,-0.00042406,0.00025576,-0.000361,-6.2931e-07,0.00037581,2.0277e-06,0.0006006,-4.3548e-05,-2.8688e-06,0.00064187
0.0031672,-8.7428e-07,0.003,0.0020415,-0.0019617,-0.00015692,9.3765e-05,0.00020868,0.00068195,-0.00052131,-2.198e-07,6.7119e-05,0.00028099,-0.00066695,-0.00061208
0.0035358,-0.0041354,0.00086418,-0.0026712,6.5864e-05,0.001155,0.00033477,-4.074e-05,-3.4109e-06,0.00020666,0.00091928,-0.00063848,-0.00069212,4.5922e-05,-5.757e-05
0.0032812,5.0139e-08,-0.0036582,-1.8045e-05,-0.0018993,-0.00016654,9.953e-05,0.00019045,-0.00064273,-0.00055421,-1.5863e-07,7.615e-05,0.00034891,0.00060958,-0.00059586
0.0035359,0.0041352,0.00086463,-0.0026703,6.5511e-05,0.00025051,-0.0011776,-4.6863e-05,-3.6122e-06,0.00020766,-0.00092227,-0.00063134,-0.00069107,4.5822e-05,-5.7653e-05
0.0041291,1.2277e-07,-0.00045837,0.0017377,0.0024575,-0.00041715,0.00025156,-0.000347,-7.0843e-07,0.00037932,2.0286e-06,0.00059656,-3.3799e-05,-3.7243e-06,0.00064941
0.0031615,-8.7112e-07,0.0029827,0.0020308,-0.001946,-0.00015229,9.0957e-05,0.00021645,0.00068411,-0.00051683,-2.2062e-07,6.4131e-05,0.00028618,-0.00067528,-0.0006128
0.0035272,-0.0041096,0.00085718,-0.0026492,6.5615e-05,0.0011577,0.00033477,-3.2246e-05,-3.5046e-06,0.00020946,0.00092736,-0.00064308,-0.000691,4.5837e-05,-5.7302e-05
0.0032753,4.8976e-08,-0.003638,-1.6948e-05,-0.0018843,-0.00016178,9.6643e-05,0.00019868,-0.00064538,-0.00054989,-1.5856e-07,7.3118e-05,0.00035541,0.00061724,-0.00059633
0.0035273,0.0041093,0.00085761,-0.0026483,6.5267e-05,0.0002518,-0.0011801,-3.838e-05,-3.7054e-06,0.00021047,-0.00093037,-0.00063589,-0.00068994,4.573e-05,-5.739e-05
0.0041232,1.2105e-07,-0.0004565,0.0017303,0.0024423,-0.00041039,0.00024745,-0.00033341,-7.8466e-07,0.00038264,2.029e-06,0.00059254,-2.4389e-05,-4.5487e-06,0.00065647
0.0031557,-8.6796e-07,0.0029656,0.0020202,-0.0019306,-0.00014779,8.8226e-05,0.00022391,0.00068604,-0.00051237,-2.2141e-07,6.1233e-05,0.00029109,-0.0006831,-0.00061328
0.0035187,-0.0040841,0.00085028,-0.0026275,6.5361e-05,0.0011601,0.00033467,-2.4039e-05,-3.594e-06,0.00021208,0.00093484,-0.00064729,-0.00068966,4.5737e-05,-5.7019e-05
0.0032694,4.7843e-08,-0.003618,-1.588e-05,-0.0018696,-0.00015715,9.3834e-05,0.0002066,-0.00064779,-0.00054559,-1.5848e-07,7.0176e-05,0.00036156,0.00062442,-0.00059657
0.0035188,0.0040838,0.00085071,-0.0026266,6.502e-05,0.000253,-0.0011822,-3.0182e-05,-3.7942e-06,0.00021311,-0.00093788,-0.00064007,-0.00068858,4.5623e-05,-5.7111e-05
0.0041173,1.1936e-07,-0.00045466,0.001723,0.0024273,-0.00040377,0.00024344,-0.00032019,-8.5806e-07,0.00038577,2.029e-06,0.00058852,-1.5306e-05,-5.343e-06,0.00066308
0.00315,-8.6481e-07,0.0029487,0.0020097,-0.0019153,-0.00014341,8.557e-05,0.00023107,0.00068773,-0.00050795,-2.2216e-07,5.8424e-05,0.00029573,-0.00069042,-0.00061352
0.0035102,-0.0040589,0.00084348,-0.0026062,6.5103e-05,0.0011621,0.0003345,-1.611e-05,-3.6791e-06,0.00021455,0.00094174,-0.00065115,-0.0006881,4.5623e-05,-5.672e-05
0.0032636,4.6738e-08,-0.0035983,-1.484e-05,-0.0018551,-0.00015265,9.11e-05,0.0002142,-0.00064996,-0.00054131,-1.5837e-07,6.7321e-05,0.00036738,0.00063115,-0.00059659
0.0035104,0.0040587,0.0008439,-0.0026053,6.4767e-05,0.00025409,-0.001184,-2.2259e-05,-3.8787e-06,0.00021559,-0.00094481,-0.00064388,-0.00068701,4.5503e-05,-5.6817e-05
0.0041114,1.1767e-07,-0.00045282,0.0017157,0.0024125,-0.00039731,0.00023951,-0.00030735,-9.2873e-07,0.00038872,2.0286e-06,0.00058451,-6.5405e-06,-6.1084e-06,0.00066925
0.0031444,-8.6166e-07,0.002932,0.0019993,-0.0019004,-0.00013915,8.2986e-05,0.00023794,0.00068922,-0.00050356,-2.2287e-07,5.57e-05,0.00030012,-0.00069727,-0.00061354
0.0035019,-0.0040341,0.00083679,-0.0025852,6.4841e-05,0.0011638,0.00033425,-8.4483e-06,-3.7601e-06,0.00021687,0.0009481,-0.00065467,-0.00068635,4.5497e-05,-5.6407e-05
0.0032578,4.5661e-08,-0.0035789,-1.3826e-05,-0.0018408,-0.00014826,8.8441e-05,0.00022149,-0.00065192,-0.00053705,-1.5825e-07,6.4551e-05,0.00037289,0.00063744,-0.0005964
0.003502,0.0040338,0.0008372,-0.0025843,6.451e-05,0.0002551,-0.0011855,-1.4603e-05,-3.959e-06,0.00021792,-0.00095119,-0.00064736,-0.00068525,4.537e-05,-5.651e-05
0.0041056,1.16e-07,-0.00045101,0.0017085,0.0023979,-0.00039098,0.00023567,-0.00029487,-9.9675e-07,0.0003915,2.0278e-06,0.00058051,1.9193e-06,-6.8457e-06,0.00067499
0.0031388,-8.5852e-07,0.0029155,0.0019891,-0.0018856,-0.00013501,8.0473e-05,0.00024453,0.0006905,-0.00049921,-2.2354e-07,5.3059e-05,0.00030427,-0.00070367,-0.00061336
0.0034936,-0.0040096,0.00083019,-0.0025645,6.4575e-05,0.0011651,0.00033393,-1.0462e-06,-3.8372e-06,0.00021904,0.00095394,-0.00065785,-0.00068441,4.5358e-05,-5.6082e-05
0.0032521,4.4614e-08,-0.0035596,-1.2838e-05,-0.0018268,-0.000144,8.5853e-05,0.0002285,-0.00065366,-0.00053281,-1.581e-07,6.1863e-05,0.00037809,0.00064332,-0.00059602
0.0034938,0.0040093,0.0008306,-0.0025636,6.4249e-05,0.00025601,-0.0011866,-7.2037e-06,-4.0354e-06,0.00022011,-0.00095705,-0.00065051,-0.0006833,4.5225e-05,-5.6189e-05
0.0040999,1.1434e-07,-0.00044921,0.0017014,0.0023835,-0.0003848,0.00023191,-0.00028275,-1.0622e-06,0.00039411,2.0266e-06,0.00057652,1.0083e-05,-7.556e-06,0.00068034
0.0031333,-8.5537e-07,0.0028993,0.001979,-0.0018711,-0.00013098,7.8027e-05,0.00025085,0.00069158,-0.00049489,-2.2417e-07,5.0498e-05,0.00030819,-0.00070963,-0.00061298
0.0034854,-0.0039854,0.00082369,-0.0025441,6.4305e-05,0.0011662,0.00033354,6.1052e-06,-3.9105e-06,0.00022107,0.00095928,-0.00066072,-0.0006823,4.5207e-05,-5.5745e-05
0.0032465,4.3594e-08,-0.0035406,-1.1876e-05,-0.0018129,-0.00013985,8.3334e-05,0.00023523,-0.00065519,-0.0005286,-1.5794e-07,5.9256e-05,0.000383,0.00064879,-0.00059545
0.0034856,0.0039851,0.0008241,-0.0025432,6.3984e-05,0.00025684,-0.0011874,-5.3263e-08,-4.1079e-06,0.00022215,-0.00096241,-0.00065335,-0.00068118,4.5069e-05,-5.5856e-05
0.0040942,1.127e-07,-0.00044742,0.0016943,0.0023692,-0.00037875,0.00022824,-0.00027096,-1.1251e-06,0.00039655,2.025e-06,0.00057255,1.7961e-05,-8.2401e-06,0.0006853
0.0031278,-8.5223e-07,0.0028832,0.001969,-0.0018567,-0.00012705,7.5648e-05,0.00025691,0.00069248,-0.00049061,-2.2476e-07,4.8016e-05,0.00031188,-0.00071518,-0.00061241
0.0034773,-0.0039615,0.00081729,-0.002524,6.403e-05,0.0011669,0.00033309,1.3014e-05,-3.9801e-06,0.00022296,0.00096415,-0.0006633,-0.00068002,4.5046e-05,-5.5398e-05
0.0032408,4.2602e-08,-0.0035218,-1.0939e-05,-0.0017992,-0.00013581,8.0883e-05,0.00024168,-0.00065654,-0.00052441,-1.5776e-07,5.6727e-05,0.00038763,0.00065389,-0.00059471
0.0034774,0.0039612,0.00081768,-0.0025231,6.3715e-05,0.00025759,-0.0011879,6.8566e-06,-4.1766e-06,0.00022406,-0.0009673,-0.0006559,-0.0006789,4.4902e-05,-5.5513e-05
0.0040885,1.1106e-07,-0.00044565,0.0016873,0.0023551,-0.00037283,0.00022465,-0.00025951,-1.1856e-06,0.00039884,2.0231e-06,0.0005686,2.5563e-05,-8.8989e-06,0.0006899
0.0031223,-8.4909e-07,0.0028674,0.001959,-0.0018426,-0.00012324,7.3333e-05,0.00026271,0.00069321,-0.00048637,-2.253e-07,4.5611e-05,0.00031536,-0.00072033,-0.00061167
0.0034692,-0.0039379,0.00081097,-0.0025042,6.3752e-05,0.0011674,0.00033258,1.9689e-05,-4.0461e-06,0.00022473,0.00096856,-0.00066559,-0.0006776,4.4875e-05,-5.5041e-05
0.0032353,4.1638e-08,-0.0035033,-1.0025e-05,-0.0017858,-0.00013187,7.8498e-05,0.00024787,-0.0006577,-0.00052025,-1.5755e-07,5.4273e-05,0.00039199,0.00065862,-0.0005938
0.0034693,0.0039376,0.00081136,-0.0025033,6.3442e-05,0.00025826,-0.0011882,1.3534e-05,-4.2418e-06,0.00022584,-0.00097173,-0.00065817,-0.00067647,4.4725e-05,-5.5159e-05
0.0040828,1.0944e-07,-0.0004439,0.0016803,0.0023412,-0.00036705,0.00022113,-0.00024838,-1.2438e-06,0.00040098,2.0209e-06,0.00056467,3.2898e-05,-9.5334e-06,0.00069415
0.0031169,-8.4595e-07,0.0028517,0.0019492,-0.0018287,-0.00011952,7.1081e-05,0.00026827,0.00069376,-0.00048217,-2.258e-07,4.3279e-05,0.00031863,-0.00072511,-0.00061076
0.0034612,-0.0039146,0.00080474,-0.0024847,6.3471e-05,0.0011676,0.000332,2.6138e-05,-4.1088e-06,0.00022638,0.00097255,-0.00066761,-0.00067504,4.4695e-05,-5.4674e-05
0.0032297,4.0701e-08,-0.0034849,-9.1348e-06,-0.0017725,-0.00012805,7.6177e-05,0.00025381,-0.00065868,-0.00051611,-1.5733e-07,5.1894e-05,0.00039609,0.00066301,-0.00059274
0.0034614,0.0039143,0.00080512,-0.0024838,6.3165e-05,0.00025885,-0.0011882,1.9986e-05,-4.3035e-06,0.0002275,-0.00097574,-0.00066017,-0.0006739,4.454e-05,-5.4797e-05
0.0040772,1.0784e-07,-0.00044215,0.0016734,0.0023275,-0.00036138,0.0002177,-0.00023756,-1.2997e-06,0.00040297,2.0183e-06,0.00056076,3.9975e-05,-1.0144e-05,0.00069806
0.0031115,-8.428e-07,0.0028362,0.0019395,-0.001815,-0.00011591,6.889e-05,0.0002736,0.00069415,-0.000478,-2.2626e-07,4.1019e-05,0.00032171,-0.00072952,-0.0006097
0.0034533,-0.0038915,0.00079859,-0.0024654,6.3186e-05,0.0011675,0.00033138,3.2368e-05,-4.1682e-06,0.00022791,0.00097613,-0.00066937,-0.00067234,4.4506e-05,-5.43e-05
0.0032242,3.9791e-08,-0.0034667,-8.2666e-06,-0.0017594,-0.00012432,7.3917e-05,0.00025951,-0.00065949,-0.000512,-1.5708e-07,4.9586e-05,0.00039995,0.00066706,-0.00059153
0.0034534,0.0038912,0.00079897,-0.0024645,6.2885e-05,0.00025937,-0.0011879,2.6222e-05,-4.3619e-06,0.00022904,-0.00097933,-0.00066191,-0.0006712,4.4346e-05,-5.4426e-05
0.0040717,1.0625e-07,-0.00044043,0.0016666,0.0023139,-0.00035584,0.00021433,-0.00022704,-1.3533e-06,0.00040483,2.0155e-06,0.00055686,4.6802e-05,-1.0732e-05,0.00070165
0.0031061,-8.3966e-07,0.0028209,0.0019299,-0.0018014,-0.00011239,6.6757e-05,0.00027869,0.00069439,-0.00047387,-2.2667e-07,3.883e-05,0.0003246,-0.00073359,-0.00060849
0.0034454,-0.0038688,0.00079252,-0.0024464,6.2898e-05,0.0011672,0.0003307,3.8386e-05,-4.2244e-06,0.00022933,0.00097931,-0.00067088,-0.00066953,4.4309e-05,-5.3918e-05
0.0032188,3.8907e-08,-0.0034488,-7.4202e-06,-0.0017465,-0.00012069,7.1718e-05,0.00026497,-0.00066015,-0.00050792,-1.5681e-07,4.7347e-05,0.00040358,0.0006708,-0.00059019
0.0034455,0.0038685,0.0007929,-0.0024455,6.2601e-05,0.00025982,-0.0011874,3.2246e-05,-4.4171e-06,0.00023046,-0.00098253,-0.00066341,-0.00066837,4.4144e-05,-5.4048e-05
0.0040661,1.0467e-07,-0.00043871,0.0016598,0.0023004,-0.00035042,0.00021104,-0.00021682,-1.4048e-06,0.00040655,2.0124e-06,0.00055299,5.3388e-05,-1.1299e-05,0.00070494
0.0031008,-8.3651e-07,0.0028057,0.0019204,-0.0017881,-0.00010896,6.4682e-05,0.00028357,0.00069448,-0.00046977,-2.2704e-07,3.6708e-05,0.0003273,-0.00073733,-0.00060715
0.0034376,-0.0038462,0.00078653,-0.0024276,6.2606e-05,0.0011667,0.00032998,4.4199e-05,-4.2775e-06,0.00023064,0.00098213,-0.00067217,-0.00066661,4.4105e-05,-5.353e-05
0.0032133,3.805e-08,-0.003431,-6.5947e-06,-0.0017337,-0.00011716,6.9577e-05,0.0002702,-0.00066065,-0.00050387,-1.5653e-07,4.5176e-05,0.00040698,0.00067424,-0.00058871
0.0034377,0.0038459,0.0007869,-0.0024267,6.2314e-05,0.0002602,-0.0011867,3.8068e-05,-4.4691e-06,0.00023178,-0.00098536,-0.00066468,-0.00066544,4.3935e-05,-5.3662e-05
0.0040606,1.0311e-07,-0.00043701,0.0016531,0.0022871,-0.00034512,0.00020782,-0.00020689,-1.4543e-06,0.00040814,2.009e-06,0.00054914,5.9741e-05,-1.1844e-05,0.00070793
0.0030956,-8.3336e-07,0.0027907,0.0019109,-0.0017749,-0.00010563,6.2662e-05,0.00028824,0.00069443,-0.00046572,-2.2737e-07,3.4652e-05,0.00032984,-0.00074075,-0.00060568
0.0034298,-0.003824,0.00078062,-0.0024091,6.2312e-05,0.001166,0.00032921,4.9815e-05,-4.3277e-06,0.00023185,0.00098459,-0.00067323,-0.00066358,4.3894e-05,-5.3136e-05
0.0032079,3.7218e-08,-0.0034134,-5.7895e-06,-0.0017212,-0.00011372,6.7493e-05,0.00027521,-0.000661,-0.00049984,-1.5622e-07,4.3071e-05,0.00041016,0.00067738,-0.00058712
0.00343,0.0038237,0.00078098,-0.0024082,6.2024e-05,0.00026052,-0.0011857,4.3693e-05,-4.5182e-06,0.000233,-0.00098783,-0.00066573,-0.00066241,4.3719e-05,-5.3271e-05
0.0040552,1.0155e-07,-0.00043532,0.0016465,0.0022739,-0.00033993,0.00020467,-0.00019723,-1.5017e-06,0.00040961,2.0053e-06,0.00054532,6.5868e-05,-1.2368e-05,0.00071065
0.0030903,-8.3021e-07,0.0027759,0.0019016,-0.0017619,-0.00010239,6.0696e-05,0.0002927,0.00069425,-0.0004617,-2.2765e-07,3.2659e-05,0.00033221,-0.00074387,-0.00060408
0.0034222,-0.0038019,0.00077478,-0.0023908,6.2015e-05,0.001165,0.0003284,5.524e-05,-4.375e-06,0.00023296,0.00098671,-0.00067407,-0.00066045,4.3676e-05,-5.2736e-05
0.0032026,3.6412e-08,-0.003396,-5.004e-06,-0.0017087,-0.00011038,6.5464e-05,0.00028001,-0.00066121,-0.00049585,-1.5589e-07,4.103e-05,0.00041314,0.00068025,-0.00058542
0.0034223,0.0038016,0.00077514,-0.0023899,6.173e-05,0.00026078,-0.0011845,4.9128e-05,-4.5645e-06,0.00023412,-0.00098996,-0.00066657,-0.00065928,4.3497e-05,-5.2875e-05
0.0040497,1.0002e-07,-0.00043364,0.0016399,0.0022609,-0.00033485,0.00020159,-0.00018785,-1.5471e-06,0.00041096,2.0014e-06,0.00054152,7.1778e-05,-1.2873e-05,0.00071309
0.0030851,-8.2706e-07,0.0027612,0.0018923,-0.001749,-9.923e-05,5.8782e-05,0.00029697,0.00069394,-0.00045772,-2.2789e-07,3.073e-05,0.00033442,-0.0007467,-0.00060238
0.0034145,-0.0037801,0.00076901,-0.0023727,6.1715e-05,0.0011639,0.00032755,6.048e-05,-4.4196e-06,0.00023397,0.00098851,-0.00067472,-0.00065724,4.3453e-05,-5.2332e-05
0.0031973,3.563e-08,-0.0033787,-4.2374e-06,-0.0016965,-0.00010712,6.3489e-05,0.0002846,-0.00066129,-0.00049189,-1.5554e-07,3.9051e-05,0.00041591,0.00068286,-0.00058361
0.0034147,0.0037798,0.00076936,-0.0023718,6.1434e-05,0.00026098,-0.0011832,5.438e-05,-4.6079e-06,0.00023514,-0.00099176,-0.00066721,-0.00065606,4.327e-05,-5.2473e-05
0.0040444,9.8492e-08,-0.00043197,0.0016333,0.002248,-0.00032988,0.00019857,-0.00017873,-1.5906e-06,0.00041219,1.9973e-06,0.00053775,7.7477e-05,-1.3358e-05,0.00071529
0.00308,-8.2391e-07,0.0027467,0.0018832,-0.0017363,-9.6156e-05,5.692e-05,0.00030104,0.0006935,-0.00045378,-2.2808e-07,2.886e-05,0.00033647,-0.00074926,-0.00060056
0.003407,-0.0037586,0.00076331,-0.0023549,6.1412e-05,0.0011625,0.00032666,6.5541e-05,-4.4616e-06,0.0002349,0.00099,-0.00067517,-0.00065394,4.3224e-05,-5.1924e-05
0.003192,3.4874e-08,-0.0033617,-3.4891e-06,-0.0016843,-0.00010394,6.1566e-05,0.000289,-0.00066125,-0.00048796,-1.5517e-07,3.7132e-05,0.0004185,0.00068521,-0.00058171
0.0034071,0.0037583,0.00076366,-0.002354,6.1136e-05,0.00026112,-0.0011816,5.9453e-05,-4.6487e-06,0.00023607,-0.00099327,-0.00066766,-0.00065276,4.3037e-05,-5.2068e-05
0.004039,9.6982e-08,-0.00043031,0.0016268,0.0022352,-0.00032501,0.00019562,-0.00016986,-1.6323e-06,0.00041332,1.9929e-06,0.000534,8.2973e-05,-1.3825e-05,0.00071724
0.0030748,-8.2075e-07,0.0027323,0.0018741,-0.0017238,-9.3163e-05,5.5107e-05,0.00030493,0.00069296,-0.00044988,-2.2824e-07,2.7049e-05,0.00033839,-0.00075156,-0.00059865
0.0033994,-0.0037372,0.00075768,-0.0023373,6.1108e-05,0.001161,0.00032574,7.0429e-05,-4.5009e-06,0.00023574,0.0009912,-0.00067544,-0.00065057,4.299e-05,-5.1512e-05
0.0031867,3.4141e-08,-0.0033448,-2.7585e-06,-0.0016723,-0.00010085,5.9693e-05,0.0002932,-0.00066108,-0.00048406,-1.5479e-07,3.5271e-05,0.00042091,0.00068732,-0.00057971
0.0033996,0.0037369,0.00075802,-0.0023364,6.0835e-05,0.0002612,-0.0011799,6.4355e-05,-4.687e-06,0.00023692,-0.00099447,-0.00066793,-0.00064938,4.2799e-05,-5.1659e-05
0.0040337,9.5485e-08,-0.00042867,0.0016203,0.0022226,-0.00032025,0.00019273,-0.00016124,-1.6722e-06,0.00041433,1.9884e-06,0.00053028,8.8272e-05,-1.4274e-05,0.00071895
0.0030697,-8.1759e-07,0.0027181,0.0018651,-0.0017114,-9.0248e-05,5.3341e-05,0.00030865,0.0006923,-0.00044601,-2.2835e-07,2.5295e-05,0.00034016,-0.0007536,-0.00059664
0.003392,-0.0037161,0.00075211,-0.0023198,6.0801e-05,0.0011593,0.00032478,7.515e-05,-4.5379e-06,0.0002365,0.00099213,-0.00067553,-0.00064713,4.2751e-05,-5.1097e-05
0.0031815,3.3432e-08,-0.003328,-2.045e-06,-0.0016605,-9.7843e-05,5.7869e-05,0.00029722,-0.0006608,-0.00048019,-1.5438e-07,3.3468e-05,0.00042314,0.0006892,-0.00057762
0.0033921,0.0037158,0.00075245,-0.0023189,6.0532e-05,0.00026124,-0.001178,6.909e-05,-4.7227e-06,0.00023768,-0.0009954,-0.00066802,-0.00064594,4.2556e-05,-5.1246e-05
0.0040283,9.4003e-08,-0.00042703,0.0016139,0.0022101,-0.00031559,0.0001899,-0.00015286,-1.7104e-06,0.00041525,1.9836e-06,0.00052659,9.3381e-05,-1.4706e-05,0.00072045
0.0030646,-8.1442e-07,0.002704,0.0018561,-0.0016992,-8.7411e-05,5.1623e-05,0.00031219,0.00069154,-0.00044218,-2.2842e-07,2.3595e-05,0.0003418,-0.00075541,-0.00059454
0.0033846,-0.0036952,0.00074661,-0.0023026,6.0492e-05,0.0011574,0.00032379,7.9709e-05,-4.5725e-06,0.00023718,0.00099279,-0.00067547,-0.00064363,4.2508e-05,-5.068e-05
0.0031763,3.2746e-08,-0.0033114,-1.348e-06,-0.0016488,-9.4911e-05,5.6093e-05,0.00030106,-0.0006604,-0.00047635,-1.5395e-07,3.1719e-05,0.0004252,0.00069086,-0.00057545
0.0033847,0.0036949,0.00074694,-0.0023017,6.0226e-05,0.00026122,-0.0011759,7.3665e-05,-4.7561e-06,0.00023837,-0.00099606,-0.00066796,-0.00064243,4.231e-05,-5.0831e-05
0.0040231,9.2533e-08,-0.00042541,0.0016075,0.0021977,-0.00031102,0.00018713,-0.00014471,-1.7469e-06,0.00041606,1.9787e-06,0.00052293,9.8306e-05,-1.5121e-05,0.00072173
0.0030596,-8.1125e-07,0.00269,0.0018473,-0.0016871,-8.4648e-05,4.9949e-05,0.00031557,0.00069068,-0.00043839,-2.2845e-07,2.195e-05,0.00034331,-0.00075698,-0.00059236
0.0033772,-0.0036745,0.00074117,-0.0022856,6.0181e-05,0.0011554,0.00032278,8.4113e-05,-4.6048e-06,0.00023778,0.00099319,-0.00067524,-0.00064007,4.2262e-05,-5.026e-05
0.0031712,3.2083e-08,-0.003295,-6.6696e-07,-0.0016372,-9.2056e-05,5.4363e-05,0.00030473,-0.00065991,-0.00047255,-1.5351e-07,3.0024e-05,0.0004271,0.00069232,-0.00057321
0.0033773,0.0036742,0.0007415,-0.0022847,5.9919e-05,0.00026116,-0.0011737,7.8085e-05,-4.7872e-06,0.00023897,-0.00099647,-0.00066773,-0.00063887,4.206e-05,-5.0414e-05
