-0.2253
-0.13693
-0.21021
-0.08137
-0.10065
-0.024183
-0.022123
0.0049664
-0.15601
-0.12624
-0.075453
0.018864
-0.054826
-0.0088405
0.029479
0.1358
0.019923
0.049295
0.048421
0.0013217
0.0073689
0.11481
0.078283
0.058586
0.018253
0.020011
0.019495
0.055869
0.082333
0.070272
0.013537
0.0273
0.063911
0.13416
0.094107
0.086328
0.10088
0.11438
0.08114
0.054529
0.078821
0.076063
0.046065
0.041405
0.14148
0.14998
0.070341
0.054465
0.047613
0.0024678
0.00042554
-0.0057983
-0.0068945
0.00045584
-0.037226
-0.023484
-0.10127
-0.0051513
-0.060466
-0.080922
-0.024589
-0.01594
-0.0086614
-0.0025009
0.00063996
-0.0012507
-0.1468
-0.20371
-0.014076
-0.039118
-0.081995
-0.095431
0.012103
0.0053583
0.041329
0.05118
0.0033313
0.0086434
0.043162
0.1041
0.0059486
0.018886
0.025722
0.031261
0.0028789
0.036412
0.02905
0.09532
-0.002768
0.023753
0.087993
0.21606
-0.013234
